-0.603567	-3.827619E-04
-0.602561	-3.831465E-04
-0.601555	-3.843216E-04
-0.600549	-3.862804E-04
-0.599543	-3.889977E-04
-0.598537	-3.924940E-04
-0.597531	-3.967814E-04
-0.596525	-4.018692E-04
-0.595519	-4.077677E-04
-0.594513	-4.144482E-04
-0.593507	-4.220004E-04
-0.592501	-4.304038E-04
-0.591495	-4.396753E-04
-0.590489	-4.498337E-04
-0.589484	-4.608996E-04
-0.588478	-4.728952E-04
-0.587472	-4.858449E-04
-0.586466	-4.997750E-04
-0.58546	-5.146248E-04
-0.584454	-5.305948E-04
-0.583448	-5.476350E-04
-0.582442	-5.657798E-04
-0.581436	-5.850659E-04
-0.58043	-6.055323E-04
-0.579424	-6.272204E-04
-0.578418	-6.501742E-04
-0.577412	-6.742973E-04
-0.576406	-6.999149E-04
-0.5754	-7.269441E-04
-0.574394	-7.554395E-04
-0.573388	-7.854588E-04
-0.572382	-8.170626E-04
-0.571377	-8.503148E-04
-0.570371	-8.852827E-04
-0.569365	-9.220372E-04
-0.568359	-9.604251E-04
-0.567353	-1.000965E-03
-0.566347	-1.043524E-03
-0.565341	-1.088188E-03
-0.564335	-1.135046E-03
-0.563329	-1.184195E-03
-0.562323	-1.235733E-03
-0.561317	-1.289764E-03
-0.560311	-1.346067E-03
-0.559305	-1.405400E-03
-0.558299	-1.467567E-03
-0.557293	-1.532694E-03
-0.556287	-1.600913E-03
-0.555281	-1.672361E-03
-0.554275	-1.747183E-03
-0.55327	-1.825530E-03
-0.552264	-1.907562E-03
-0.551258	-1.992938E-03
-0.550252	-2.082813E-03
-0.549246	-2.176889E-03
-0.54824	-2.275355E-03
-0.547234	-2.378410E-03
-0.546228	-2.486264E-03
-0.545222	-2.599134E-03
-0.544216	-2.717248E-03
-0.54321	-2.840123E-03
-0.542204	-2.969414E-03
-0.541198	-3.104693E-03
-0.540192	-3.246233E-03
-0.539186	-3.394321E-03
-0.53818	-3.549256E-03
-0.537174	-3.711350E-03
-0.536168	-3.880932E-03
-0.535163	-4.058344E-03
-0.534157	-4.242858E-03
-0.533151	-4.436962E-03
-0.532145	-4.640013E-03
-0.531139	-4.852420E-03
-0.530133	-5.074614E-03
-0.529127	-5.307043E-03
-0.528121	-5.550178E-03
-0.527115	-5.804508E-03
-0.526109	-6.068997E-03
-0.525103	-6.347203E-03
-0.524097	-6.638205E-03
-0.523091	-6.942590E-03
-0.522085	-7.260974E-03
-0.521079	-7.593999E-03
-0.520073	-7.942338E-03
-0.519067	-8.306695E-03
-0.518061	-8.687807E-03
-0.517056	-9.084109E-03
-0.51605	-9.500939E-03
-0.515044	-9.936918E-03
-0.514038	-1.039292E-02
-0.513032	-1.086988E-02
-0.512026	-1.136874E-02
-0.51102	-1.189053E-02
-0.510014	-1.243628E-02
-0.509008	-1.300378E-02
-0.508002	-1.360065E-02
-0.506996	-1.422491E-02
-0.50599	-1.487783E-02
-0.504984	-1.556072E-02
-0.503978	-1.627494E-02
-0.502973	-1.702195E-02
-0.501967	-1.780325E-02
-0.500961	-1.862040E-02
-0.499955	-1.947008E-02
-0.498949	-2.036368E-02
-0.497943	-2.129825E-02
-0.496937	-2.227567E-02
-0.495931	-2.329790E-02
-0.494925	-2.436699E-02
-0.493919	-2.548510E-02
-0.492913	-2.665446E-02
-0.491907	-2.787033E-02
-0.490901	-2.914896E-02
-0.489895	-3.048612E-02
-0.488889	-3.188448E-02
-0.487883	-3.334685E-02
-0.486877	-3.487614E-02
-0.485871	-3.647540E-02
-0.484866	-3.814780E-02
-0.48386	-3.989669E-02
-0.482854	-4.171500E-02
-0.481848	-4.362685E-02
-0.480842	-4.562597E-02
-0.479836	-4.771632E-02
-0.47883	-4.990202E-02
-0.477824	-5.218738E-02
-0.476818	-5.457690E-02
-0.475812	-5.707528E-02
-0.474806	-5.967257E-02
-0.4738	-6.240278E-02
-0.472794	-6.525703E-02
-0.471788	-6.824087E-02
-0.470782	-7.136006E-02
-0.469776	-7.462064E-02
-0.46877	-7.802888E-02
-0.467764	-8.159131E-02
-0.466759	-8.531474E-02
-0.465753	-8.918462E-02
-0.464747	-9.325046E-02
-0.463741	-9.749922E-02
-0.462735	-1.019388E-01
-0.461729	-1.065776E-01
-0.460723	-1.114240E-01
-0.459717	-1.164871E-01
-0.458711	-1.217760E-01
-0.457705	-1.272709E-01
-0.456699	-1.330393E-01
-0.455693	-1.390630E-01
-0.454687	-1.453527E-01
-0.453681	-1.519193E-01
-0.452675	-1.587741E-01
-0.451669	-1.659287E-01
-0.450663	-1.733951E-01
-0.449657	-1.811858E-01
-0.448652	-1.892733E-01
-0.447646	-1.977491E-01
-0.44664	-2.065878E-01
-0.445634	-2.158030E-01
-0.444628	-2.254085E-01
-0.443622	-2.354185E-01
-0.442616	-2.458473E-01
-0.44161	-2.567094E-01
-0.440604	-2.679710E-01
-0.439598	-2.797429E-01
-0.438592	-2.919922E-01
-0.437586	-3.047338E-01
-0.43658	-3.179822E-01
-0.435574	-3.317523E-01
-0.434568	-3.460583E-01
-0.433562	-3.609143E-01
-0.432556	-3.763340E-01
-0.43155	-3.922798E-01
-0.430545	-4.088666E-01
-0.429539	-4.260547E-01
-0.428533	-4.438552E-01
-0.427527	-4.622779E-01
-0.426521	-4.813318E-01
-0.425515	-5.010244E-01
-0.424509	-5.213618E-01
-0.423503	-5.423103E-01
-0.422497	-5.639530E-01
-0.421491	-5.862490E-01
-0.420485	-6.091973E-01
-0.419479	-6.327945E-01
-0.418473	-6.570349E-01
-0.417467	-6.819101E-01
-0.416461	-7.074094E-01
-0.415455	-7.335190E-01
-0.414449	-7.602214E-01
-0.413443	-7.875064E-01
-0.412438	-8.153442E-01
-0.411432	-8.437097E-01
-0.410426	-8.725745E-01
-0.40942	-9.019075E-01
-0.408414	-9.316747E-01
-0.407408	-9.618390E-01
-0.406402	-9.923976E-01
-0.405396	-1.023241E+00
-0.40439	-1.054356E+00
-0.403384	-1.085697E+00
-0.402378	-1.117215E+00
-0.401372	-1.148860E+00
-0.400366	-1.180582E+00
-0.39936	-1.212329E+00
-0.398354	-1.244047E+00
-0.397348	-1.275738E+00
-0.396342	-1.307243E+00
-0.395336	-1.338562E+00
-0.394331	-1.369645E+00
-0.393325	-1.400439E+00
-0.392319	-1.430896E+00
-0.391313	-1.460968E+00
-0.390307	-1.490609E+00
-0.389301	-1.519805E+00
-0.388295	-1.548451E+00
-0.387289	-1.576541E+00
-0.386283	-1.604039E+00
-0.385277	-1.630911E+00
-0.384271	-1.657125E+00
-0.383265	-1.682652E+00
-0.382259	-1.707466E+00
-0.381253	-1.731544E+00
-0.380247	-1.754857E+00
-0.379241	-1.777399E+00
-0.378235	-1.799149E+00
-0.377229	-1.820095E+00
-0.376224	-1.840225E+00
-0.375218	-1.859530E+00
-0.374212	-1.878001E+00
-0.373206	-1.895634E+00
-0.3722	-1.912399E+00
-0.371194	-1.928343E+00
-0.370188	-1.943440E+00
-0.369182	-1.957690E+00
-0.368176	-1.971094E+00
-0.36717	-1.983653E+00
-0.366164	-1.995369E+00
-0.365158	-2.006244E+00
-0.364152	-2.016282E+00
-0.363146	-2.025462E+00
-0.36214	-2.033836E+00
-0.361134	-2.041381E+00
-0.360128	-2.048101E+00
-0.359122	-2.053999E+00
-0.358117	-2.059078E+00
-0.357111	-2.063339E+00
-0.356105	-2.066784E+00
-0.355099	-2.069409E+00
-0.354093	-2.071229E+00
-0.353087	-2.072235E+00
-0.352081	-2.072426E+00
-0.351075	-2.071800E+00
-0.350069	-2.070355E+00
-0.349063	-2.068087E+00
-0.348057	-2.064992E+00
-0.347051	-2.061066E+00
-0.346045	-2.056325E+00
-0.345039	-2.050719E+00
-0.344033	-2.044261E+00
-0.343027	-2.036939E+00
-0.342021	-2.028746E+00
-0.341015	-2.019669E+00
-0.34001	-2.009695E+00
-0.339004	-1.998813E+00
-0.337998	-1.987058E+00
-0.336992	-1.974318E+00
-0.335986	-1.960622E+00
-0.33498	-1.945955E+00
-0.333974	-1.930298E+00
-0.332968	-1.913632E+00
-0.331962	-1.895937E+00
-0.330956	-1.877193E+00
-0.32995	-1.857379E+00
-0.328944	-1.836553E+00
-0.327938	-1.814536E+00
-0.326932	-1.791383E+00
-0.325926	-1.767072E+00
-0.32492	-1.741579E+00
-0.323914	-1.714882E+00
-0.322908	-1.686959E+00
-0.321903	-1.657788E+00
-0.320897	-1.627438E+00
-0.319891	-1.595709E+00
-0.318885	-1.562672E+00
-0.317879	-1.528309E+00
-0.316873	-1.492605E+00
-0.315867	-1.455545E+00
-0.314861	-1.417119E+00
-0.313855	-1.377318E+00
-0.312849	-1.336135E+00
-0.311843	-1.293633E+00
-0.310837	-1.249676E+00
-0.309831	-1.204340E+00
-0.308825	-1.157634E+00
-0.307819	-1.109570E+00
-0.306813	-1.060169E+00
-0.305807	-1.009451E+00
-0.304801	-9.574470E-01
-0.303796	-9.041926E-01
-0.30279	-8.497093E-01
-0.301784	-7.940560E-01
-0.300778	-7.372832E-01
-0.299772	-6.794472E-01
-0.298766	-6.206098E-01
-0.29776	-5.608384E-01
-0.296754	-5.002057E-01
-0.295748	-4.387894E-01
-0.294742	-3.765945E-01
-0.293736	-3.138531E-01
-0.29273	-2.505869E-01
-0.291724	-1.868902E-01
-0.290718	-1.228597E-01
-0.289712	-5.859467E-02
-0.288706	5.803953E-03
-0.2877	7.023420E-02
-0.286694	1.346909E-01
-0.285689	1.988761E-01
-0.284683	2.627878E-01
-0.283677	3.263260E-01
-0.282671	3.893933E-01
-0.281665	4.518947E-01
-0.280659	5.137384E-01
-0.279653	5.748367E-01
-0.278647	6.351059E-01
-0.277641	6.945078E-01
-0.276635	7.528771E-01
-0.275629	8.101958E-01
-0.274623	8.664001E-01
-0.273617	9.214318E-01
-0.272611	9.752383E-01
-0.271605	1.027773E+00
-0.270599	1.078993E+00
-0.269593	1.128832E+00
-0.268587	1.177315E+00
-0.267581	1.224393E+00
-0.266576	1.270047E+00
-0.26557	1.314259E+00
-0.264564	1.357020E+00
-0.263558	1.398322E+00
-0.262552	1.438161E+00
-0.261546	1.476537E+00
-0.26054	1.513374E+00
-0.259534	1.548837E+00
-0.258528	1.582857E+00
-0.257522	1.615445E+00
-0.256516	1.646614E+00
-0.25551	1.676379E+00
-0.254504	1.704756E+00
-0.253498	1.731762E+00
-0.252492	1.757333E+00
-0.251486	1.781654E+00
-0.25048	1.804661E+00
-0.249474	1.826373E+00
-0.248469	1.846808E+00
-0.247463	1.865987E+00
-0.246457	1.883927E+00
-0.245451	1.900646E+00
-0.244445	1.916164E+00
-0.243439	1.930439E+00
-0.242433	1.943606E+00
-0.241427	1.955618E+00
-0.240421	1.966491E+00
-0.239415	1.976236E+00
-0.238409	1.984866E+00
-0.237403	1.992392E+00
-0.236397	1.998822E+00
-0.235391	2.004144E+00
-0.234385	2.008413E+00
-0.233379	2.011608E+00
-0.232373	2.013733E+00
-0.231367	2.014790E+00
-0.230362	2.014782E+00
-0.229356	2.013707E+00
-0.22835	2.011564E+00
-0.227344	2.008351E+00
-0.226338	2.004082E+00
-0.225332	1.998719E+00
-0.224326	1.992269E+00
-0.22332	1.984723E+00
-0.222314	1.976071E+00
-0.221308	1.966303E+00
-0.220302	1.955407E+00
-0.219296	1.943368E+00
-0.21829	1.930227E+00
-0.217284	1.915864E+00
-0.216278	1.900313E+00
-0.215272	1.883556E+00
-0.214266	1.865575E+00
-0.21326	1.846351E+00
-0.212255	1.825864E+00
-0.211249	1.804094E+00
-0.210243	1.781021E+00
-0.209237	1.756707E+00
-0.208231	1.730970E+00
-0.207225	1.703870E+00
-0.206219	1.675386E+00
-0.205213	1.645502E+00
-0.204207	1.614198E+00
-0.203201	1.581458E+00
-0.202195	1.547268E+00
-0.201189	1.511694E+00
-0.200183	1.474562E+00
-0.199177	1.435947E+00
-0.198171	1.395842E+00
-0.197165	1.354245E+00
-0.196159	1.311157E+00
-0.195153	1.266582E+00
-0.194148	1.220530E+00
-0.193142	1.173013E+00
-0.192136	1.124080E+00
-0.19113	1.073682E+00
-0.190124	1.021887E+00
-0.189118	9.687287E-01
-0.188112	9.142457E-01
-0.187106	8.584831E-01
-0.1861	8.014916E-01
-0.185094	7.433276E-01
-0.184088	6.840534E-01
-0.183082	6.236820E-01
-0.182076	5.623839E-01
-0.18107	5.001947E-01
-0.180064	4.371981E-01
-0.179058	3.734825E-01
-0.178052	3.091407E-01
-0.177046	2.442691E-01
-0.176041	1.789674E-01
-0.175035	1.132342E-01
-0.174029	4.737693E-02
-0.173023	-1.859853E-02
-0.172017	-8.458564E-02
-0.171011	-1.504777E-01
-0.170005	-2.161688E-01
-0.168999	-2.815539E-01
-0.167993	-3.465301E-01
-0.166987	-4.109972E-01
-0.165981	-4.749349E-01
-0.164975	-5.380887E-01
-0.163969	-6.004534E-01
-0.162963	-6.619439E-01
-0.161957	-7.224801E-01
-0.160951	-7.819869E-01
-0.159945	-8.403951E-01
-0.158939	-8.976408E-01
-0.157934	-9.536680E-01
-0.156928	-1.008411E+00
-0.155922	-1.061835E+00
-0.154916	-1.113901E+00
-0.15391	-1.164573E+00
-0.152904	-1.213821E+00
-0.151898	-1.261622E+00
-0.150892	-1.307955E+00
-0.149886	-1.352808E+00
-0.14888	-1.396099E+00
-0.147874	-1.437957E+00
-0.146868	-1.478316E+00
-0.145862	-1.517178E+00
-0.144856	-1.554547E+00
-0.14385	-1.590431E+00
-0.142844	-1.624840E+00
-0.141838	-1.657786E+00
-0.140832	-1.689195E+00
-0.139827	-1.719260E+00
-0.138821	-1.747910E+00
-0.137815	-1.775162E+00
-0.136809	-1.801036E+00
-0.135803	-1.825550E+00
-0.134797	-1.848726E+00
-0.133791	-1.870582E+00
-0.132785	-1.891139E+00
-0.131779	-1.910343E+00
-0.130773	-1.928363E+00
-0.129767	-1.945140E+00
-0.128761	-1.960693E+00
-0.127755	-1.975039E+00
-0.126749	-1.988195E+00
-0.125743	-2.000175E+00
-0.124737	-2.010994E+00
-0.123731	-2.020624E+00
-0.122725	-2.029164E+00
-0.12172	-2.036579E+00
-0.120714	-2.042877E+00
-0.119708	-2.048068E+00
-0.118702	-2.052157E+00
-0.117696	-2.055150E+00
-0.11669	-2.057051E+00
-0.115684	-2.057862E+00
-0.114678	-2.057587E+00
-0.113672	-2.056226E+00
-0.112666	-2.053775E+00
-0.11166	-2.050229E+00
-0.110654	-2.045585E+00
-0.109648	-2.039836E+00
-0.108642	-2.032974E+00
-0.107636	-2.024992E+00
-0.10663	-2.015917E+00
-0.105624	-2.005665E+00
-0.104618	-1.994259E+00
-0.103613	-1.981683E+00
-0.102607	-1.967923E+00
-0.101601	-1.952962E+00
-0.100595	-1.936785E+00
-0.0995888	-1.919372E+00
-0.0985828	-1.900705E+00
-0.0975768	-1.880838E+00
-0.0965708	-1.859609E+00
-0.0955648	-1.837066E+00
-0.0945588	-1.813190E+00
-0.0935528	-1.787960E+00
-0.0925468	-1.761356E+00
-0.0915408	-1.733357E+00
-0.0905348	-1.703944E+00
-0.0895288	-1.673185E+00
-0.0885228	-1.640891E+00
-0.0875168	-1.607131E+00
-0.0865108	-1.571891E+00
-0.0855058	-1.535159E+00
-0.0844998	-1.496925E+00
-0.0834938	-1.457181E+00
-0.0824878	-1.415923E+00
-0.0814818	-1.373149E+00
-0.0804758	-1.328920E+00
-0.0794698	-1.283120E+00
-0.0784638	-1.235824E+00
-0.0774578	-1.187047E+00
-0.0764518	-1.136809E+00
-0.0754458	-1.085136E+00
-0.0744398	-1.032058E+00
-0.0734338	-9.776118E-01
-0.0724278	-9.218302E-01
-0.0714218	-8.647675E-01
-0.0704158	-8.064793E-01
-0.0694098	-7.470254E-01
-0.0684038	-6.864713E-01
-0.0673988	-6.248883E-01
-0.0663928	-5.623531E-01
-0.0653868	-4.989479E-01
-0.0643808	-4.347598E-01
-0.0633748	-3.697900E-01
-0.0623688	-3.043051E-01
-0.0613628	-2.383229E-01
-0.0603568	-1.719457E-01
-0.0593508	-1.052780E-01
-0.0583448	-3.842661E-02
-0.0573388	2.850089E-02
-0.0563328	9.539625E-02
-0.0553268	1.622539E-01
-0.0543208	2.287597E-01
-0.0533148	2.949132E-01
-0.0523088	3.606111E-01
-0.0513028	4.257527E-01
-0.0502968	4.902408E-01
-0.0492918	5.539821E-01
-0.0482858	6.168876E-01
-0.0472798	6.788731E-01
-0.0462738	7.398962E-01
-0.0452678	7.998004E-01
-0.0442618	8.585649E-01
-0.0432558	9.161274E-01
-0.0422498	9.724314E-01
-0.0412438	1.027427E+00
-0.0402378	1.081068E+00
-0.0392318	1.133318E+00
-0.0382258	1.184102E+00
-0.0372198	1.233464E+00
-0.0362138	1.281352E+00
-0.0352078	1.327748E+00
-0.0342018	1.372639E+00
-0.0331958	1.416018E+00
-0.0321898	1.457878E+00
-0.0311848	1.498222E+00
-0.0301788	1.537050E+00
-0.0291728	1.574282E+00
-0.0281668	1.610100E+00
-0.0271608	1.644430E+00
-0.0261548	1.677285E+00
-0.0251488	1.708681E+00
-0.0241428	1.738634E+00
-0.0231368	1.767163E+00
-0.0221308	1.794285E+00
-0.0211248	1.819934E+00
-0.0201188	1.844306E+00
-0.0191128	1.867332E+00
-0.0181068	1.889032E+00
-0.0171008	1.909426E+00
-0.0160948	1.928535E+00
-0.0150888	1.946377E+00
-0.0140828	1.962972E+00
-0.0130778	1.978337E+00
-0.0120718	1.992434E+00
-0.0110658	2.005395E+00
-0.0100598	2.017176E+00
-0.00905377	2.027791E+00
-0.00804777	2.037252E+00
-0.00704177	2.045571E+00
-0.00603577	2.052759E+00
-0.00502977	2.058824E+00
-0.00402377	2.063756E+00
-0.00301777	2.067605E+00
-0.00201177	2.070351E+00
-0.00100577	2.071998E+00
2.29615e-07	2.072548E+00
0.00100623	2.072001E+00
0.00201223	2.070358E+00
0.00301823	2.067615E+00
0.00402423	2.063769E+00
0.00502923	2.058839E+00
0.00603523	2.052777E+00
0.00704123	2.045592E+00
0.00804723	2.037277E+00
0.00905323	2.027819E+00
0.0100592	2.017208E+00
0.0110652	2.005431E+00
0.0120712	1.992472E+00
0.0130772	1.978376E+00
0.0140832	1.963014E+00
0.0150892	1.946423E+00
0.0160952	1.928584E+00
0.0171012	1.909479E+00
0.0181072	1.889089E+00
0.0191132	1.867392E+00
0.0201192	1.844370E+00
0.0211252	1.820002E+00
0.0221312	1.794353E+00
0.0231362	1.767234E+00
0.0241422	1.738710E+00
0.0251482	1.708760E+00
0.0261542	1.677368E+00
0.0271602	1.644517E+00
0.0281662	1.610191E+00
0.0291722	1.574377E+00
0.0301782	1.537144E+00
0.0311842	1.498320E+00
0.0321902	1.457980E+00
0.0331962	1.416123E+00
0.0342022	1.372749E+00
0.0352082	1.327861E+00
0.0362142	1.281469E+00
0.0372202	1.233584E+00
0.0382262	1.184225E+00
0.0392322	1.133439E+00
0.0402382	1.081192E+00
0.0412432	1.027553E+00
0.0422492	9.725598E-01
0.0432552	9.162575E-01
0.0442612	8.586963E-01
0.0452672	7.999328E-01
0.0462732	7.400290E-01
0.0472792	6.790017E-01
0.0482852	6.170155E-01
0.0492912	5.541087E-01
0.0502972	4.903656E-01
0.0513032	4.258751E-01
0.0523092	3.607304E-01
0.0533152	2.950289E-01
0.0543212	2.288712E-01
0.0553272	1.623606E-01
0.0563332	9.549703E-02
0.0573392	2.859574E-02
0.0583452	-3.833823E-02
0.0593512	-1.051966E-01
0.0603562	-1.718718E-01
0.0613622	-2.382570E-01
0.0623682	-3.042475E-01
0.0633742	-3.697410E-01
0.0643802	-4.347167E-01
0.0653862	-4.989143E-01
0.0663922	-5.623291E-01
0.0673982	-6.248742E-01
0.0684042	-6.864673E-01
0.0694102	-7.470317E-01
0.0704162	-8.064960E-01
0.0714222	-8.647945E-01
0.0724282	-9.218677E-01
0.0734342	-9.776551E-01
0.0744402	-1.032112E+00
0.0754462	-1.085200E+00
0.0764522	-1.136884E+00
0.0774582	-1.187133E+00
0.0784632	-1.235920E+00
0.0794692	-1.283226E+00
0.0804752	-1.329036E+00
0.0814812	-1.373271E+00
0.0824872	-1.416054E+00
0.0834932	-1.457322E+00
0.0844992	-1.497075E+00
0.0855052	-1.535319E+00
0.0865112	-1.572060E+00
0.0875172	-1.607309E+00
0.0885232	-1.641077E+00
0.0895292	-1.673380E+00
0.0905352	-1.704144E+00
0.0915412	-1.733565E+00
0.0925472	-1.761571E+00
0.0935532	-1.788184E+00
0.0945592	-1.813421E+00
0.0955652	-1.837305E+00
0.0965702	-1.859854E+00
0.0975762	-1.881091E+00
0.0985822	-1.900961E+00
0.0995882	-1.919634E+00
0.100594	-1.937053E+00
0.1016	-1.953237E+00
0.102606	-1.968203E+00
0.103612	-1.981969E+00
0.104618	-1.994550E+00
0.105624	-2.005962E+00
0.10663	-2.016218E+00
0.107636	-2.025295E+00
0.108642	-2.033282E+00
0.109648	-2.040148E+00
0.110654	-2.045901E+00
0.11166	-2.050549E+00
0.112666	-2.054098E+00
0.113672	-2.056553E+00
0.114677	-2.057917E+00
0.115683	-2.058193E+00
0.116689	-2.057385E+00
0.117695	-2.055487E+00
0.118701	-2.052496E+00
0.119707	-2.048409E+00
0.120713	-2.043221E+00
0.121719	-2.036925E+00
0.122725	-2.029512E+00
0.123731	-2.020974E+00
0.124737	-2.011342E+00
0.125743	-2.000524E+00
0.126749	-1.988545E+00
0.127755	-1.975391E+00
0.128761	-1.961046E+00
0.129767	-1.945493E+00
0.130773	-1.928716E+00
0.131779	-1.910697E+00
0.132784	-1.891489E+00
0.13379	-1.870932E+00
0.134796	-1.849076E+00
0.135802	-1.825900E+00
0.136808	-1.801385E+00
0.137814	-1.775510E+00
0.13882	-1.748257E+00
0.139826	-1.719606E+00
0.140832	-1.689540E+00
0.141838	-1.658125E+00
0.142844	-1.625177E+00
0.14385	-1.590766E+00
0.144856	-1.554879E+00
0.145862	-1.517508E+00
0.146868	-1.478643E+00
0.147874	-1.438281E+00
0.14888	-1.396420E+00
0.149886	-1.353120E+00
0.150891	-1.308263E+00
0.151897	-1.261925E+00
0.152903	-1.214119E+00
0.153909	-1.164865E+00
0.154915	-1.114187E+00
0.155921	-1.062115E+00
0.156927	-1.008684E+00
0.157933	-9.539334E-01
0.158939	-8.978928E-01
0.159945	-8.406378E-01
0.160951	-7.822198E-01
0.161957	-7.227023E-01
0.162963	-6.621548E-01
0.163969	-6.006521E-01
0.164975	-5.382744E-01
0.165981	-4.751069E-01
0.166987	-4.111525E-01
0.167993	-3.466703E-01
0.168998	-2.816781E-01
0.170004	-2.162763E-01
0.17101	-1.505680E-01
0.172016	-8.465789E-02
0.173022	-1.865221E-02
0.174028	4.734236E-02
0.175034	1.132192E-01
0.17604	1.789706E-01
0.177046	2.442929E-01
0.178052	3.091853E-01
0.179058	3.735481E-01
0.180064	4.372849E-01
0.18107	5.003030E-01
0.182076	5.625137E-01
0.183082	6.238333E-01
0.184088	6.842217E-01
0.185094	7.435176E-01
0.1861	8.017031E-01
0.187105	8.587160E-01
0.188111	9.144996E-01
0.189117	9.690033E-01
0.190123	1.022182E+00
0.191129	1.073997E+00
0.192135	1.124415E+00
0.193141	1.173362E+00
0.194147	1.220899E+00
0.195153	1.266970E+00
0.196159	1.311563E+00
0.197165	1.354669E+00
0.198171	1.396283E+00
0.199177	1.436405E+00
0.200183	1.475037E+00
0.201189	1.512100E+00
0.202195	1.547770E+00
0.203201	1.581976E+00
0.204207	1.614730E+00
0.205212	1.646049E+00
0.206218	1.675947E+00
0.207224	1.704444E+00
0.20823	1.731557E+00
0.209236	1.757306E+00
0.210242	1.781629E+00
0.211248	1.804713E+00
0.212254	1.826494E+00
0.21326	1.846992E+00
0.214266	1.866227E+00
0.215272	1.884218E+00
0.216278	1.900984E+00
0.217284	1.916544E+00
0.21829	1.930915E+00
0.219296	1.944061E+00
0.220302	1.956107E+00
0.221308	1.967011E+00
0.222314	1.976786E+00
0.223319	1.985444E+00
0.224325	1.992996E+00
0.225331	1.999452E+00
0.226337	2.004821E+00
0.227343	2.009091E+00
0.228349	2.012309E+00
0.229355	2.014456E+00
0.230361	2.015535E+00
0.231367	2.015548E+00
0.232373	2.014494E+00
0.233379	2.012372E+00
0.234385	2.009179E+00
0.235391	2.004912E+00
0.236397	1.999590E+00
0.237403	1.993161E+00
0.238409	1.985636E+00
0.239415	1.977007E+00
0.240421	1.967262E+00
0.241426	1.956391E+00
0.242432	1.944378E+00
0.243438	1.931211E+00
0.244444	1.916932E+00
0.24545	1.901414E+00
0.246456	1.884693E+00
0.247462	1.866752E+00
0.248468	1.847572E+00
0.249474	1.827135E+00
0.25048	1.805421E+00
0.251486	1.782412E+00
0.252492	1.758088E+00
0.253498	1.732510E+00
0.254504	1.705501E+00
0.25551	1.677120E+00
0.256516	1.647351E+00
0.257522	1.616178E+00
0.258528	1.583586E+00
0.259533	1.549562E+00
0.260539	1.514095E+00
0.261545	1.477247E+00
0.262551	1.438865E+00
0.263557	1.399021E+00
0.264563	1.357713E+00
0.265569	1.314947E+00
0.266575	1.270727E+00
0.267581	1.225067E+00
0.268587	1.177982E+00
0.269593	1.129492E+00
0.270599	1.079637E+00
0.271605	1.028408E+00
0.272611	9.758640E-01
0.273617	9.220474E-01
0.274623	8.670050E-01
0.275629	8.107892E-01
0.276635	7.534583E-01
0.27764	6.950758E-01
0.278646	6.356542E-01
0.279652	5.753700E-01
0.280658	5.142556E-01
0.281664	4.523947E-01
0.28267	3.898752E-01
0.283676	3.267887E-01
0.284682	2.632300E-01
0.285688	1.992969E-01
0.286694	1.350890E-01
0.2877	7.060776E-02
0.288706	6.152844E-03
0.289712	-5.827145E-02
0.290718	-1.225631E-01
0.291724	-1.866212E-01
0.29273	-2.503463E-01
0.293736	-3.136416E-01
0.294742	-3.764129E-01
0.295747	-4.386338E-01
0.296753	-5.000809E-01
0.297759	-5.607448E-01
0.298765	-6.205477E-01
0.299771	-6.794167E-01
0.300777	-7.372843E-01
0.301783	-7.940887E-01
0.302789	-8.497733E-01
0.303795	-9.042876E-01
0.304801	-9.575664E-01
0.305807	-1.009601E+00
0.306813	-1.060349E+00
0.307819	-1.109780E+00
0.308825	-1.157872E+00
0.309831	-1.204607E+00
0.310837	-1.249970E+00
0.311843	-1.293954E+00
0.312849	-1.336476E+00
0.313854	-1.377684E+00
0.31486	-1.417510E+00
0.315866	-1.455960E+00
0.316872	-1.493042E+00
0.317878	-1.528769E+00
0.318884	-1.563153E+00
0.31989	-1.596210E+00
0.320896	-1.627959E+00
0.321902	-1.658323E+00
0.322908	-1.687512E+00
0.323914	-1.715453E+00
0.32492	-1.742166E+00
0.325926	-1.767675E+00
0.326932	-1.792002E+00
0.327938	-1.815169E+00
0.328944	-1.837200E+00
0.32995	-1.858036E+00
0.330956	-1.877863E+00
0.331961	-1.896620E+00
0.332967	-1.914326E+00
0.333973	-1.931004E+00
0.334979	-1.946671E+00
0.335985	-1.961349E+00
0.336991	-1.975054E+00
0.337997	-1.987803E+00
0.339003	-1.999564E+00
0.340009	-2.010455E+00
0.341015	-2.020436E+00
0.342021	-2.029521E+00
0.343027	-2.037721E+00
0.344033	-2.045049E+00
0.345039	-2.051514E+00
0.346045	-2.057125E+00
0.347051	-2.061870E+00
0.348057	-2.065801E+00
0.349063	-2.068901E+00
0.350068	-2.071173E+00
0.351074	-2.072622E+00
0.35208	-2.073252E+00
0.353086	-2.073064E+00
0.354092	-2.072062E+00
0.355098	-2.070245E+00
0.356104	-2.067620E+00
0.35711	-2.064177E+00
0.358116	-2.059918E+00
0.359122	-2.054841E+00
0.360128	-2.048945E+00
0.361134	-2.042225E+00
0.36214	-2.034681E+00
0.363146	-2.026308E+00
0.364152	-2.017126E+00
0.365158	-2.007089E+00
0.366164	-1.996214E+00
0.36717	-1.984498E+00
0.368175	-1.971938E+00
0.369181	-1.958534E+00
0.370187	-1.944283E+00
0.371193	-1.929184E+00
0.372199	-1.913240E+00
0.373205	-1.896471E+00
0.374211	-1.878836E+00
0.375217	-1.860363E+00
0.376223	-1.841057E+00
0.377229	-1.820925E+00
0.378235	-1.799977E+00
0.379241	-1.778225E+00
0.380247	-1.755681E+00
0.381253	-1.732361E+00
0.382259	-1.708281E+00
0.383265	-1.683464E+00
0.384271	-1.657934E+00
0.385277	-1.631717E+00
0.386283	-1.604842E+00
0.387288	-1.577341E+00
0.388294	-1.549247E+00
0.3893	-1.520597E+00
0.390306	-1.491392E+00
0.391312	-1.461746E+00
0.392318	-1.431669E+00
0.393324	-1.401206E+00
0.39433	-1.370406E+00
0.395336	-1.339317E+00
0.396342	-1.307991E+00
0.397343	-1.276478E+00
0.398353	-1.244777E+00
0.399363	-1.213049E+00
0.400363	-1.181294E+00
0.401373	-1.149562E+00
0.402373	-1.117906E+00
0.403383	-1.086377E+00
0.404393	-1.055025E+00
0.405393	-1.023898E+00
0.406403	-9.930422E-01
0.407403	-9.624716E-01
0.408413	-9.322939E-01
0.409423	-9.025130E-01
0.410423	-8.731658E-01
0.411433	-8.442865E-01
0.412433	-8.159064E-01
0.413443	-7.880536E-01
0.414453	-7.607536E-01
0.415453	-7.340395E-01
0.416463	-7.079145E-01
0.417463	-6.823998E-01
0.418473	-6.575092E-01
0.419483	-6.332536E-01
0.420483	-6.096412E-01
0.421493	-5.866778E-01
0.422493	-5.643669E-01
0.423503	-5.427096E-01
0.424513	-5.217508E-01
0.425513	-5.013990E-01
0.426523	-4.816923E-01
0.427523	-4.626246E-01
0.428533	-4.441885E-01
0.429543	-4.263750E-01
0.430543	-4.091741E-01
0.431553	-3.925750E-01
0.432553	-3.766209E-01
0.433563	-3.611894E-01
0.434563	-3.463219E-01
0.435573	-3.320049E-01
0.436583	-3.182242E-01
0.437583	-3.049655E-01
0.438593	-2.922141E-01
0.439593	-2.799553E-01
0.440603	-2.681742E-01
0.441613	-2.569065E-01
0.442613	-2.460357E-01
0.443623	-2.355987E-01
0.444623	-2.255807E-01
0.445633	-2.159676E-01
0.446643	-2.067451E-01
0.447643	-1.978994E-01
0.448653	-1.894169E-01
0.449653	-1.813249E-01
0.450663	-1.735280E-01
0.451673	-1.660556E-01
0.452673	-1.588952E-01
0.453683	-1.520350E-01
0.454683	-1.454632E-01
0.455693	-1.391685E-01
0.456703	-1.331400E-01
0.457703	-1.273670E-01
0.458713	-1.218690E-01
0.459713	-1.165759E-01
0.460723	-1.115088E-01
0.461733	-1.066584E-01
0.462733	-1.020160E-01
0.463743	-9.757283E-02
0.464743	-9.332071E-02
0.465753	-8.925165E-02
0.466763	-8.537958E-02
0.467763	-8.165316E-02
0.468773	-7.808788E-02
0.469773	-7.467693E-02
0.470783	-7.141376E-02
0.471783	-6.829209E-02
0.472793	-6.530590E-02
0.473803	-6.244940E-02
0.474803	-5.971705E-02
0.475813	-5.711827E-02
0.476813	-5.461791E-02
0.477823	-5.222649E-02
0.478833	-4.993932E-02
0.479833	-4.775190E-02
0.480843	-4.565991E-02
0.481843	-4.365922E-02
0.482853	-4.174588E-02
0.483863	-3.992654E-02
0.484863	-3.817626E-02
0.485873	-3.650254E-02
0.486873	-3.490203E-02
0.487883	-3.337154E-02
0.488893	-3.190803E-02
0.489893	-3.050857E-02
0.490903	-2.917037E-02
0.491903	-2.789076E-02
0.492913	-2.667419E-02
0.493923	-2.550392E-02
0.494923	-2.438494E-02
0.495933	-2.331501E-02
0.496933	-2.229199E-02
0.497943	-2.131381E-02
0.498953	-2.037852E-02
0.499953	-1.948424E-02
0.500963	-1.863408E-02
0.501963	-1.781629E-02
0.502973	-1.703439E-02
0.503983	-1.628680E-02
0.504983	-1.557202E-02
0.505993	-1.488862E-02
0.506993	-1.423520E-02
0.508003	-1.361046E-02
0.509003	-1.301314E-02
0.510013	-1.244531E-02
0.511023	-1.189914E-02
0.512023	-1.137696E-02
0.513033	-1.087771E-02
0.514033	-1.040039E-02
0.515043	-9.944040E-03
0.516053	-9.507732E-03
0.517053	-9.090587E-03
0.518063	-8.694060E-03
0.519063	-8.312658E-03
0.520073	-7.948024E-03
0.521083	-7.599421E-03
0.522083	-7.266144E-03
0.523093	-6.947521E-03
0.524093	-6.642907E-03
0.525103	-6.351687E-03
0.526113	-6.073274E-03
0.527113	-5.808636E-03
0.528123	-5.554113E-03
0.529123	-5.310796E-03
0.530133	-5.078193E-03
0.531143	-4.855833E-03
0.532143	-4.643267E-03
0.533153	-4.440066E-03
0.534153	-4.245818E-03
0.535163	-4.061200E-03
0.536173	-3.883655E-03
0.537173	-3.713947E-03
0.538183	-3.551732E-03
0.539183	-3.396683E-03
0.540193	-3.248486E-03
0.541193	-3.106841E-03
0.542203	-2.971462E-03
0.543213	-2.842076E-03
0.544213	-2.719132E-03
0.545223	-2.600931E-03
0.546223	-2.487978E-03
0.547233	-2.380045E-03
0.548243	-2.276913E-03
0.549243	-2.178375E-03
0.550253	-2.084231E-03
0.551253	-1.994291E-03
0.552263	-1.908866E-03
0.553273	-1.826775E-03
0.554273	-1.748370E-03
0.555283	-1.673493E-03
0.556283	-1.601993E-03
0.557293	-1.533724E-03
0.558303	-1.468550E-03
0.559303	-1.406338E-03
0.560313	-1.346962E-03
0.561313	-1.290628E-03
0.562323	-1.236557E-03
0.563333	-1.184982E-03
0.564333	-1.135797E-03
0.565343	-1.088905E-03
0.566343	-1.044209E-03
0.567353	-1.001619E-03
0.568363	-9.610504E-04
0.569363	-9.226410E-04
0.570373	-8.858600E-04
0.571373	-8.508669E-04
0.572383	-8.175909E-04
0.573393	-7.859646E-04
0.574393	-7.559240E-04
0.575403	-7.274084E-04
0.576403	-7.003602E-04
0.577413	-6.747246E-04
0.578413	-6.505882E-04
0.579423	-6.276182E-04
0.580433	-6.059149E-04
0.581433	-5.854341E-04
0.582443	-5.661346E-04
0.583443	-5.479772E-04
0.584453	-5.309253E-04
0.585463	-5.149444E-04
0.586463	-5.000864E-04
0.587473	-4.861468E-04
0.588473	-4.731881E-04
0.589483	-4.611843E-04
0.590493	-4.501110E-04
0.591493	-4.399457E-04
0.592503	-4.306680E-04
0.593503	-4.222590E-04
0.594513	-4.147018E-04
0.595523	-4.080174E-04
0.596523	-4.021145E-04
0.597533	-3.970226E-04
0.598533	-3.927310E-04
0.599543	-3.892329E-04
0.600553	-3.865411E-04
0.601553	-3.846415E-04
0.602563	-3.834955E-04
0.603563	-3.831074E-04
