0	-8.047075E+00
0.00166667	-8.225803E+00
0.00333333	-8.409230E+00
0.005	-8.597502E+00
0.00666667	-8.790779E+00
0.00833333	-8.989218E+00
0.01	-9.192985E+00
0.0116667	-9.402252E+00
0.0133333	-9.617199E+00
0.015	-9.838012E+00
0.0166667	-1.006488E+01
0.0183333	-1.029801E+01
0.02	-1.053761E+01
0.0216667	-1.078389E+01
0.0233333	-1.103708E+01
0.025	-1.129742E+01
0.0266667	-1.156514E+01
0.0283333	-1.184050E+01
0.03	-1.212377E+01
0.0316667	-1.241522E+01
0.0333333	-1.271514E+01
0.035	-1.302382E+01
0.0366667	-1.334159E+01
0.0383333	-1.366874E+01
0.04	-1.400564E+01
0.0416667	-1.435262E+01
0.0433333	-1.471005E+01
0.045	-1.507831E+01
0.0466667	-1.545781E+01
0.0483333	-1.584897E+01
0.05	-1.625221E+01
0.0516667	-1.666798E+01
0.0533333	-1.709677E+01
0.055	-1.753907E+01
0.0566667	-1.799539E+01
0.0583333	-1.846627E+01
0.06	-1.895228E+01
0.0616667	-1.945400E+01
0.0633333	-1.997206E+01
0.065	-2.050710E+01
0.0666667	-2.105980E+01
0.0683333	-2.163086E+01
0.07	-2.222102E+01
0.0716667	-2.283107E+01
0.0733333	-2.346181E+01
0.075	-2.411410E+01
0.0766667	-2.478884E+01
0.0783333	-2.548694E+01
0.08	-2.620940E+01
0.0816667	-2.695724E+01
0.0833333	-2.773156E+01
0.085	-2.853345E+01
0.0866667	-2.936417E+01
0.0883333	-3.022492E+01
0.09	-3.111704E+01
0.0916667	-3.204189E+01
0.0933333	-3.300094E+01
0.095	-3.399572E+01
0.0966667	-3.502783E+01
0.0983333	-3.609895E+01
0.1	-3.721085E+01
0.101667	-3.836544E+01
0.103333	-3.956466E+01
0.105	-4.081059E+01
0.106667	-4.210542E+01
0.108333	-4.345146E+01
0.11	-4.485113E+01
0.111667	-4.630699E+01
0.113333	-4.782175E+01
0.115	-4.939825E+01
0.116667	-5.103954E+01
0.118333	-5.274872E+01
0.12	-5.452916E+01
0.121667	-5.638441E+01
0.123333	-5.831819E+01
0.125	-6.033441E+01
0.126667	-6.243733E+01
0.128333	-6.463131E+01
0.13	-6.692099E+01
0.131667	-6.931132E+01
0.133333	-7.180747E+01
0.135	-7.441497E+01
0.136667	-7.713962E+01
0.138333	-7.998758E+01
0.14	-8.296529E+01
0.141667	-8.607983E+01
0.143333	-8.933831E+01
0.145	-9.274849E+01
0.146667	-9.631854E+01
0.148333	-1.000571E+02
0.15	-1.039733E+02
0.151667	-1.080768E+02
0.153333	-1.123779E+02
0.155	-1.168873E+02
0.156667	-1.216166E+02
0.158333	-1.265777E+02
0.16	-1.317836E+02
0.161667	-1.372476E+02
0.163333	-1.429842E+02
0.165	-1.490083E+02
0.166667	-1.553361E+02
0.168333	-1.619843E+02
0.17	-1.689707E+02
0.171667	-1.763141E+02
0.173333	-1.840341E+02
0.175	-1.921516E+02
0.176667	-2.006884E+02
0.178333	-2.096676E+02
0.18	-2.191130E+02
0.181667	-2.290507E+02
0.183333	-2.395067E+02
0.185	-2.505090E+02
0.186667	-2.620867E+02
0.188333	-2.742703E+02
0.19	-2.870914E+02
0.191667	-3.005831E+02
0.193333	-3.147796E+02
0.195	-3.297164E+02
0.196667	-3.454309E+02
0.198333	-3.619600E+02
0.2	-3.793432E+02
0.201667	-3.976206E+02
0.203333	-4.168334E+02
0.205	-4.370226E+02
0.206667	-4.582321E+02
0.208333	-4.805042E+02
0.21	-5.038824E+02
0.211667	-5.284099E+02
0.213333	-5.541299E+02
0.215	-5.810852E+02
0.216667	-6.093177E+02
0.218333	-6.388683E+02
0.22	-6.697761E+02
0.221667	-7.020783E+02
0.223333	-7.358101E+02
0.225	-7.710034E+02
0.226667	-8.076868E+02
0.228333	-8.458850E+02
0.23	-8.856180E+02
0.231667	-9.269006E+02
0.233333	-9.697418E+02
0.235	-1.014144E+03
0.236667	-1.060104E+03
0.238333	-1.107606E+03
0.24	-1.156631E+03
0.241667	-1.207147E+03
0.243333	-1.259116E+03
0.245	-1.312484E+03
0.246667	-1.367190E+03
0.248333	-1.423161E+03
0.25	-1.480308E+03
0.251667	-1.538533E+03
0.253333	-1.597722E+03
0.255	-1.657749E+03
0.256667	-1.718475E+03
0.258333	-1.779746E+03
0.26	-1.841395E+03
0.261667	-1.903240E+03
0.263333	-1.965090E+03
0.265	-2.026739E+03
0.266667	-2.087970E+03
0.268333	-2.148558E+03
0.27	-2.208266E+03
0.271667	-2.266852E+03
0.273333	-2.324067E+03
0.275	-2.379659E+03
0.276667	-2.433371E+03
0.278333	-2.484951E+03
0.28	-2.534146E+03
0.281667	-2.580709E+03
0.283333	-2.624399E+03
0.285	-2.664987E+03
0.286667	-2.702249E+03
0.288333	-2.735982E+03
0.29	-2.765998E+03
0.291667	-2.792125E+03
0.293333	-2.814212E+03
0.295	-2.832132E+03
0.296667	-2.845778E+03
0.298333	-2.855070E+03
0.3	-2.859953E+03
0.301667	-2.860398E+03
0.303333	-2.856402E+03
0.305	-2.847989E+03
0.306667	-2.835208E+03
0.308333	-2.818136E+03
0.31	-2.796872E+03
0.311667	-2.771543E+03
0.313333	-2.742292E+03
0.315	-2.709288E+03
0.316667	-2.672714E+03
0.318333	-2.632776E+03
0.32	-2.589689E+03
0.321667	-2.543682E+03
0.323333	-2.494994E+03
0.325	-2.443873E+03
0.326667	-2.390567E+03
0.328333	-2.335331E+03
0.33	-2.278421E+03
0.331667	-2.220090E+03
0.333333	-2.160587E+03
0.335	-2.100156E+03
0.336667	-2.039036E+03
0.338333	-1.977453E+03
0.34	-1.915627E+03
0.341667	-1.853765E+03
0.343333	-1.792063E+03
0.345	-1.730703E+03
0.346667	-1.669856E+03
0.348333	-1.609677E+03
0.35	-1.550309E+03
0.351667	-1.491882E+03
0.353333	-1.434511E+03
0.355	-1.378298E+03
0.356667	-1.323333E+03
0.358333	-1.269691E+03
0.36	-1.217438E+03
0.361667	-1.166627E+03
0.363333	-1.117300E+03
0.365	-1.069490E+03
0.366667	-1.023221E+03
0.368333	-9.785063E+02
0.37	-9.353524E+02
0.371667	-8.937582E+02
0.373333	-8.537158E+02
0.375	-8.152117E+02
0.376667	-7.782267E+02
0.378333	-7.427371E+02
0.38	-7.087144E+02
0.381667	-6.761292E+02
0.383333	-6.449450E+02
0.385	-6.151258E+02
0.386667	-5.866326E+02
0.388333	-5.594249E+02
0.39	-5.334610E+02
0.391667	-5.086982E+02
0.393333	-4.850934E+02
0.395	-4.626033E+02
0.396667	-4.411852E+02
0.398333	-4.207946E+02
0.4	-4.013897E+02
0.401667	-3.829283E+02
0.403333	-3.653693E+02
0.405	-3.486718E+02
0.406667	-3.327977E+02
0.408333	-3.177083E+02
0.41	-3.033665E+02
0.411667	-2.897366E+02
0.413333	-2.767840E+02
0.415	-2.644753E+02
0.416667	-2.527788E+02
0.418333	-2.416637E+02
0.42	-2.311004E+02
0.421667	-2.210615E+02
0.423333	-2.115195E+02
0.425	-2.024489E+02
0.426667	-1.938254E+02
0.428333	-1.856258E+02
0.43	-1.778279E+02
0.431667	-1.704108E+02
0.433333	-1.633545E+02
0.435	-1.566401E+02
0.436667	-1.502497E+02
0.438333	-1.441661E+02
0.44	-1.383732E+02
0.441667	-1.328557E+02
0.443333	-1.275993E+02
0.445	-1.225901E+02
0.446667	-1.178155E+02
0.448333	-1.132631E+02
0.45	-1.089212E+02
0.451667	-1.047790E+02
0.453333	-1.008261E+02
0.455	-9.705280E+01
0.456667	-9.344974E+01
0.458333	-9.000824E+01
0.46	-8.671998E+01
0.461667	-8.357736E+01
0.463333	-8.057279E+01
0.465	-7.769939E+01
0.466667	-7.495057E+01
0.468333	-7.232012E+01
0.47	-6.980214E+01
0.471667	-6.739107E+01
0.473333	-6.508165E+01
0.475	-6.286891E+01
0.476667	-6.074819E+01
0.478333	-5.871492E+01
0.48	-5.676495E+01
0.481667	-5.489430E+01
0.483333	-5.309918E+01
0.485	-5.137597E+01
0.486667	-4.972139E+01
0.488333	-4.813218E+01
0.49	-4.660529E+01
0.491667	-4.513787E+01
0.493333	-4.372716E+01
0.495	-4.237059E+01
0.496667	-4.106570E+01
0.498333	-3.981016E+01
0.5	-3.860174E+01
0.501667	-3.743840E+01
0.503333	-3.631809E+01
0.505	-3.523894E+01
0.506667	-3.419916E+01
0.508333	-3.319704E+01
0.51	-3.223095E+01
0.511667	-3.129936E+01
0.513333	-3.040080E+01
0.515	-2.953386E+01
0.516667	-2.869725E+01
0.518333	-2.788966E+01
0.52	-2.710991E+01
0.521667	-2.635684E+01
0.523333	-2.562938E+01
0.525	-2.492645E+01
0.526667	-2.424711E+01
0.528333	-2.359040E+01
0.53	-2.295540E+01
0.531667	-2.234126E+01
0.533333	-2.174717E+01
0.535	-2.117233E+01
0.536667	-2.061600E+01
0.538333	-2.007747E+01
0.54	-1.955604E+01
0.541667	-1.905109E+01
0.543333	-1.856196E+01
0.545	-1.808808E+01
0.546667	-1.762887E+01
0.548333	-1.718380E+01
0.55	-1.675232E+01
0.551667	-1.633396E+01
0.553333	-1.592823E+01
0.555	-1.553467E+01
0.556667	-1.515286E+01
0.558333	-1.478235E+01
0.56	-1.442276E+01
0.561667	-1.407369E+01
0.563333	-1.373479E+01
0.565	-1.340568E+01
0.566667	-1.308604E+01
0.568333	-1.277554E+01
0.57	-1.247387E+01
0.571667	-1.218072E+01
0.573333	-1.189581E+01
0.575	-1.161886E+01
0.576667	-1.134960E+01
0.578333	-1.108778E+01
0.58	-1.083314E+01
0.581667	-1.058547E+01
0.583333	-1.034452E+01
0.585	-1.011009E+01
0.586667	-9.881949E+00
0.588333	-9.659908E+00
0.59	-9.443770E+00
0.591667	-9.233348E+00
0.593333	-9.028460E+00
0.595	-8.828934E+00
0.596667	-8.634606E+00
0.598333	-8.445307E+00
0.6	-8.260885E+00
0.601667	-8.081192E+00
0.603333	-7.906083E+00
0.605	-7.735415E+00
0.606667	-7.569060E+00
0.608333	-7.406887E+00
0.61	-7.248770E+00
0.611667	-7.094588E+00
0.613333	-6.944227E+00
0.615	-6.797572E+00
0.616667	-6.654516E+00
0.618333	-6.514955E+00
0.62	-6.378786E+00
0.621667	-6.245914E+00
0.623333	-6.116242E+00
0.625	-5.989680E+00
0.626667	-5.866140E+00
0.628333	-5.745536E+00
0.63	-5.627787E+00
0.631667	-5.512813E+00
0.633333	-5.400535E+00
0.635	-5.290881E+00
0.636667	-5.183780E+00
0.638333	-5.079158E+00
0.64	-4.976949E+00
0.641667	-4.877088E+00
0.643333	-4.779512E+00
0.645	-4.684158E+00
0.646667	-4.590969E+00
0.648333	-4.499887E+00
0.65	-4.410855E+00
0.651667	-4.323820E+00
0.653333	-4.238729E+00
0.655	-4.155532E+00
0.656667	-4.074179E+00
0.658333	-3.994622E+00
0.66	-3.916815E+00
0.661667	-3.840715E+00
0.663333	-3.766275E+00
0.665	-3.693456E+00
0.666667	-3.622214E+00
0.668333	-3.552512E+00
0.67	-3.484310E+00
0.671667	-3.417570E+00
0.673333	-3.352257E+00
0.675	-3.288335E+00
0.676667	-3.225771E+00
0.678333	-3.164529E+00
0.68	-3.104578E+00
0.681667	-3.045886E+00
0.683333	-2.988424E+00
0.685	-2.932159E+00
0.686667	-2.877066E+00
0.688333	-2.823116E+00
0.69	-2.770280E+00
0.691667	-2.718533E+00
0.693333	-2.667848E+00
0.695	-2.618201E+00
0.696667	-2.569567E+00
0.698333	-2.521923E+00
0.7	-2.475244E+00
0.701667	-2.429510E+00
0.703333	-2.384698E+00
0.705	-2.340786E+00
0.706667	-2.297754E+00
0.708333	-2.255582E+00
0.71	-2.214250E+00
0.711667	-2.173739E+00
0.713333	-2.134030E+00
0.715	-2.095105E+00
0.716667	-2.056948E+00
0.718333	-2.019539E+00
0.72	-1.982863E+00
0.721667	-1.946903E+00
0.723333	-1.911644E+00
0.725	-1.877068E+00
0.726667	-1.843163E+00
0.728333	-1.809913E+00
0.73	-1.777303E+00
0.731667	-1.745319E+00
0.733333	-1.713949E+00
0.735	-1.683177E+00
0.736667	-1.652993E+00
0.738333	-1.623382E+00
0.74	-1.594332E+00
0.741667	-1.565832E+00
0.743333	-1.537869E+00
0.745	-1.510432E+00
0.746667	-1.483510E+00
0.748333	-1.457092E+00
0.75	-1.431167E+00
0.751667	-1.405725E+00
0.753333	-1.380755E+00
0.755	-1.356248E+00
0.756667	-1.332194E+00
0.758333	-1.308583E+00
0.76	-1.285407E+00
0.761667	-1.262655E+00
0.763333	-1.240320E+00
0.765	-1.218392E+00
0.766667	-1.196864E+00
0.768333	-1.175726E+00
0.77	-1.154972E+00
0.771667	-1.134592E+00
0.773333	-1.114580E+00
0.775	-1.094928E+00
0.776667	-1.075628E+00
0.778333	-1.056673E+00
0.78	-1.038057E+00
0.781667	-1.019771E+00
0.783333	-1.001811E+00
0.785	-9.841684E-01
0.786667	-9.668376E-01
0.788333	-9.498122E-01
0.79	-9.330859E-01
0.791667	-9.166529E-01
0.793333	-9.005071E-01
0.795	-8.846429E-01
0.796667	-8.690547E-01
0.798333	-8.537367E-01
0.8	-8.386837E-01
0.801667	-8.238905E-01
0.803333	-8.093517E-01
0.805	-7.950622E-01
0.806667	-7.810174E-01
0.808333	-7.672122E-01
0.81	-7.536419E-01
0.811667	-7.403018E-01
0.813333	-7.271873E-01
0.815	-7.142941E-01
0.816667	-7.016176E-01
0.818333	-6.891537E-01
0.82	-6.768982E-01
0.821667	-6.648468E-01
0.823333	-6.529956E-01
0.825	-6.413406E-01
0.826667	-6.298779E-01
0.828333	-6.186039E-01
0.83	-6.075146E-01
0.831667	-5.966065E-01
0.833333	-5.858760E-01
0.835	-5.753196E-01
0.836667	-5.649340E-01
0.838333	-5.547155E-01
0.84	-5.446610E-01
0.841667	-5.347672E-01
0.843333	-5.250310E-01
0.845	-5.154491E-01
0.846667	-5.060187E-01
0.848333	-4.967365E-01
0.85	-4.875998E-01
0.851667	-4.786056E-01
0.853333	-4.697510E-01
0.855	-4.610333E-01
0.856667	-4.524496E-01
0.858333	-4.439975E-01
0.86	-4.356741E-01
0.861667	-4.274769E-01
0.863333	-4.194033E-01
0.865	-4.114509E-01
0.866667	-4.036171E-01
0.868333	-3.958997E-01
0.87	-3.882961E-01
0.871667	-3.808041E-01
0.873333	-3.734214E-01
0.875	-3.661456E-01
0.876667	-3.589748E-01
0.878333	-3.519065E-01
0.88	-3.449386E-01
0.881667	-3.380692E-01
0.883333	-3.312961E-01
0.885	-3.246172E-01
0.886667	-3.180306E-01
0.888333	-3.115343E-01
0.89	-3.051264E-01
0.891667	-2.988049E-01
0.893333	-2.925680E-01
0.895	-2.864138E-01
0.896667	-2.803405E-01
0.898333	-2.743464E-01
0.9	-2.684295E-01
0.901667	-2.625883E-01
0.903333	-2.568209E-01
0.905	-2.511257E-01
0.906667	-2.455011E-01
0.908333	-2.399454E-01
0.91	-2.344569E-01
0.911667	-2.290341E-01
0.913333	-2.236755E-01
0.915	-2.183793E-01
0.916667	-2.131443E-01
0.918333	-2.079687E-01
0.92	-2.028512E-01
0.921667	-1.977902E-01
0.923333	-1.927844E-01
0.925	-1.878322E-01
0.926667	-1.829323E-01
0.928333	-1.780832E-01
0.93	-1.732837E-01
0.931667	-1.685322E-01
0.933333	-1.638276E-01
0.935	-1.591684E-01
0.936667	-1.545534E-01
0.938333	-1.499814E-01
0.94	-1.454509E-01
0.941667	-1.409608E-01
0.943333	-1.365095E-01
0.945	-1.320957E-01
0.946667	-1.277180E-01
0.948333	-1.233757E-01
0.95	-1.190679E-01
0.951667	-1.147931E-01
0.953333	-1.105496E-01
0.955	-1.063364E-01
0.956667	-1.021527E-01
0.958333	-9.799748E-02
0.96	-9.386883E-02
0.961667	-8.976600E-02
0.963333	-8.568822E-02
0.965	-8.163376E-02
0.966667	-7.760165E-02
0.968333	-7.359120E-02
0.97	-6.960071E-02
0.971667	-6.562937E-02
0.973333	-6.167627E-02
0.975	-5.773979E-02
0.976667	-5.381942E-02
0.978333	-4.991372E-02
0.98	-4.602165E-02
0.981667	-4.214240E-02
0.983333	-3.827450E-02
0.985	-3.441725E-02
0.986667	-3.056932E-02
0.988333	-2.672980E-02
0.99	-2.289759E-02
0.991667	-1.907164E-02
0.993333	-1.525093E-02
0.995	-1.143437E-02
0.996667	-7.620155E-03
0.998333	-3.809151E-03
1	0.000000E+00
