-0.5	0.000000E+00
-0.499	9.225635E-02
-0.498	1.845266E-01
-0.497	2.768302E-01
-0.496	3.691775E-01
-0.495	4.615610E-01
-0.494	5.540037E-01
-0.493	6.465206E-01
-0.492	7.391227E-01
-0.491	8.318212E-01
-0.49	9.246301E-01
-0.489	1.017560E+00
-0.488	1.110626E+00
-0.487	1.203836E+00
-0.486	1.297206E+00
-0.485	1.390747E+00
-0.484	1.484473E+00
-0.483	1.578393E+00
-0.482	1.672523E+00
-0.481	1.766875E+00
-0.48	1.861460E+00
-0.479	1.956291E+00
-0.478	2.051381E+00
-0.477	2.146743E+00
-0.476	2.242390E+00
-0.475	2.338333E+00
-0.474	2.434586E+00
-0.473	2.531163E+00
-0.472	2.628077E+00
-0.471	2.725339E+00
-0.47	2.822964E+00
-0.469	2.920964E+00
-0.468	3.019354E+00
-0.467	3.118146E+00
-0.466	3.217354E+00
-0.465	3.316991E+00
-0.464	3.417073E+00
-0.463	3.517609E+00
-0.462	3.618617E+00
-0.461	3.720110E+00
-0.46	3.822102E+00
-0.459	3.924605E+00
-0.458	4.027636E+00
-0.457	4.131209E+00
-0.456	4.235338E+00
-0.455	4.340037E+00
-0.454	4.445321E+00
-0.453	4.551205E+00
-0.452	4.657706E+00
-0.451	4.764835E+00
-0.45	4.872610E+00
-0.449	4.981046E+00
-0.448	5.090160E+00
-0.447	5.199962E+00
-0.446	5.310474E+00
-0.445	5.421709E+00
-0.444	5.533685E+00
-0.443	5.646415E+00
-0.442	5.759918E+00
-0.441	5.874211E+00
-0.44	5.989310E+00
-0.439	6.105229E+00
-0.438	6.221989E+00
-0.437	6.339606E+00
-0.436	6.458099E+00
-0.435	6.577483E+00
-0.434	6.697777E+00
-0.433	6.819000E+00
-0.432	6.941170E+00
-0.431	7.064303E+00
-0.43	7.188420E+00
-0.429	7.313540E+00
-0.428	7.439682E+00
-0.427	7.566864E+00
-0.426	7.695107E+00
-0.425	7.824431E+00
-0.424	7.954856E+00
-0.423	8.086399E+00
-0.422	8.219085E+00
-0.421	8.352932E+00
-0.42	8.487965E+00
-0.419	8.624199E+00
-0.418	8.761661E+00
-0.417	8.900372E+00
-0.416	9.040354E+00
-0.415	9.181626E+00
-0.414	9.324214E+00
-0.413	9.468141E+00
-0.412	9.613433E+00
-0.411	9.760107E+00
-0.41	9.908192E+00
-0.409	1.005771E+01
-0.408	1.020869E+01
-0.407	1.036115E+01
-0.406	1.051512E+01
-0.405	1.067063E+01
-0.404	1.082770E+01
-0.403	1.098635E+01
-0.402	1.114663E+01
-0.401	1.130854E+01
-0.4	1.147212E+01
-0.399	1.163740E+01
-0.398	1.180440E+01
-0.397	1.197316E+01
-0.396	1.214371E+01
-0.395	1.231607E+01
-0.394	1.249027E+01
-0.393	1.266635E+01
-0.392	1.284434E+01
-0.391	1.302425E+01
-0.39	1.320614E+01
-0.389	1.339004E+01
-0.388	1.357597E+01
-0.387	1.376396E+01
-0.386	1.395406E+01
-0.385	1.414630E+01
-0.384	1.434071E+01
-0.383	1.453732E+01
-0.382	1.473619E+01
-0.381	1.493733E+01
-0.38	1.514079E+01
-0.379	1.534661E+01
-0.378	1.555483E+01
-0.377	1.576548E+01
-0.376	1.597861E+01
-0.375	1.619424E+01
-0.374	1.641244E+01
-0.373	1.663324E+01
-0.372	1.685667E+01
-0.371	1.708279E+01
-0.37	1.731164E+01
-0.369	1.754327E+01
-0.368	1.777771E+01
-0.367	1.801501E+01
-0.366	1.825523E+01
-0.365	1.849841E+01
-0.364	1.874460E+01
-0.363	1.899384E+01
-0.362	1.924619E+01
-0.361	1.950170E+01
-0.36	1.976043E+01
-0.359	2.002241E+01
-0.358	2.028771E+01
-0.357	2.055639E+01
-0.356	2.082850E+01
-0.355	2.110408E+01
-0.354	2.138322E+01
-0.353	2.166596E+01
-0.352	2.195236E+01
-0.351	2.224247E+01
-0.35	2.253637E+01
-0.349	2.283412E+01
-0.348	2.313579E+01
-0.347	2.344142E+01
-0.346	2.375110E+01
-0.345	2.406489E+01
-0.344	2.438286E+01
-0.343	2.470508E+01
-0.342	2.503161E+01
-0.341	2.536254E+01
-0.34	2.569794E+01
-0.339	2.603788E+01
-0.338	2.638243E+01
-0.337	2.673169E+01
-0.336	2.708573E+01
-0.335	2.744460E+01
-0.334	2.780843E+01
-0.333	2.817728E+01
-0.332	2.855124E+01
-0.331	2.893039E+01
-0.33	2.931482E+01
-0.329	2.970464E+01
-0.328	3.009992E+01
-0.327	3.050076E+01
-0.326	3.090725E+01
-0.325	3.131950E+01
-0.324	3.173761E+01
-0.323	3.216166E+01
-0.322	3.259177E+01
-0.321	3.302805E+01
-0.32	3.347060E+01
-0.319	3.391951E+01
-0.318	3.437491E+01
-0.317	3.483692E+01
-0.316	3.530566E+01
-0.315	3.578121E+01
-0.314	3.626373E+01
-0.313	3.675333E+01
-0.312	3.725013E+01
-0.311	3.775424E+01
-0.31	3.826582E+01
-0.309	3.878499E+01
-0.308	3.931190E+01
-0.307	3.984664E+01
-0.306	4.038940E+01
-0.305	4.094031E+01
-0.304	4.149951E+01
-0.303	4.206713E+01
-0.302	4.264335E+01
-0.301	4.322831E+01
-0.3	4.382218E+01
-0.299	4.442510E+01
-0.298	4.503725E+01
-0.297	4.565879E+01
-0.296	4.628991E+01
-0.295	4.693073E+01
-0.294	4.758148E+01
-0.293	4.824233E+01
-0.292	4.891346E+01
-0.291	4.959504E+01
-0.29	5.028729E+01
-0.289	5.099039E+01
-0.288	5.170456E+01
-0.287	5.242995E+01
-0.286	5.316682E+01
-0.285	5.391537E+01
-0.284	5.467583E+01
-0.283	5.544837E+01
-0.282	5.623327E+01
-0.281	5.703073E+01
-0.28	5.784102E+01
-0.279	5.866431E+01
-0.278	5.950090E+01
-0.277	6.035103E+01
-0.276	6.121496E+01
-0.275	6.209291E+01
-0.274	6.298520E+01
-0.273	6.389208E+01
-0.272	6.481382E+01
-0.271	6.575067E+01
-0.27	6.670297E+01
-0.269	6.767099E+01
-0.268	6.865505E+01
-0.267	6.965540E+01
-0.266	7.067241E+01
-0.265	7.170638E+01
-0.264	7.275765E+01
-0.263	7.382649E+01
-0.262	7.491329E+01
-0.261	7.601839E+01
-0.26	7.714217E+01
-0.259	7.828491E+01
-0.258	7.944705E+01
-0.257	8.062895E+01
-0.256	8.183099E+01
-0.255	8.305350E+01
-0.254	8.429696E+01
-0.253	8.556174E+01
-0.252	8.684829E+01
-0.251	8.815696E+01
-0.25	8.948825E+01
-0.249	9.084258E+01
-0.248	9.222042E+01
-0.247	9.362214E+01
-0.246	9.504831E+01
-0.245	9.649936E+01
-0.244	9.797583E+01
-0.243	9.947812E+01
-0.242	1.010068E+02
-0.241	1.025624E+02
-0.24	1.041455E+02
-0.239	1.057565E+02
-0.238	1.073960E+02
-0.237	1.090646E+02
-0.236	1.107629E+02
-0.235	1.124913E+02
-0.234	1.142507E+02
-0.233	1.160414E+02
-0.232	1.178643E+02
-0.231	1.197197E+02
-0.23	1.216086E+02
-0.229	1.235314E+02
-0.228	1.254889E+02
-0.227	1.274816E+02
-0.226	1.295105E+02
-0.225	1.315760E+02
-0.224	1.336791E+02
-0.223	1.358203E+02
-0.222	1.380004E+02
-0.221	1.402203E+02
-0.22	1.424807E+02
-0.219	1.447823E+02
-0.218	1.471259E+02
-0.217	1.495126E+02
-0.216	1.519429E+02
-0.215	1.544178E+02
-0.214	1.569381E+02
-0.213	1.595047E+02
-0.212	1.621187E+02
-0.211	1.647806E+02
-0.21	1.674917E+02
-0.209	1.702528E+02
-0.208	1.730648E+02
-0.207	1.759287E+02
-0.206	1.788455E+02
-0.205	1.818162E+02
-0.204	1.848419E+02
-0.203	1.879235E+02
-0.202	1.910621E+02
-0.201	1.942589E+02
-0.2	1.975148E+02
-0.199	2.008308E+02
-0.198	2.042082E+02
-0.197	2.076482E+02
-0.196	2.111518E+02
-0.195	2.147200E+02
-0.194	2.183543E+02
-0.193	2.220557E+02
-0.192	2.258254E+02
-0.191	2.296645E+02
-0.19	2.335744E+02
-0.189	2.375562E+02
-0.188	2.416114E+02
-0.187	2.457409E+02
-0.186	2.499461E+02
-0.185	2.542284E+02
-0.184	2.585890E+02
-0.183	2.630289E+02
-0.182	2.675498E+02
-0.181	2.721529E+02
-0.18	2.768395E+02
-0.179	2.816107E+02
-0.178	2.864681E+02
-0.177	2.914129E+02
-0.176	2.964465E+02
-0.175	3.015698E+02
-0.174	3.067846E+02
-0.173	3.120920E+02
-0.172	3.174935E+02
-0.171	3.229900E+02
-0.17	3.285831E+02
-0.169	3.342740E+02
-0.168	3.400641E+02
-0.167	3.459541E+02
-0.166	3.519457E+02
-0.165	3.580399E+02
-0.164	3.642382E+02
-0.163	3.705412E+02
-0.162	3.769505E+02
-0.161	3.834670E+02
-0.16	3.900919E+02
-0.159	3.968257E+02
-0.158	4.036699E+02
-0.157	4.106252E+02
-0.156	4.176927E+02
-0.155	4.248727E+02
-0.154	4.321665E+02
-0.153	4.395747E+02
-0.152	4.470978E+02
-0.151	4.547362E+02
-0.15	4.624907E+02
-0.149	4.703615E+02
-0.148	4.783493E+02
-0.147	4.864537E+02
-0.146	4.946753E+02
-0.145	5.030141E+02
-0.144	5.114701E+02
-0.143	5.200426E+02
-0.142	5.287319E+02
-0.141	5.375373E+02
-0.14	5.464585E+02
-0.139	5.554943E+02
-0.138	5.646444E+02
-0.137	5.739077E+02
-0.136	5.832830E+02
-0.135	5.927688E+02
-0.134	6.023639E+02
-0.133	6.120667E+02
-0.132	6.218754E+02
-0.131	6.317877E+02
-0.13	6.418018E+02
-0.129	6.519151E+02
-0.128	6.621252E+02
-0.127	6.724289E+02
-0.126	6.828234E+02
-0.125	6.933054E+02
-0.124	7.038717E+02
-0.123	7.145180E+02
-0.122	7.252408E+02
-0.121	7.360357E+02
-0.12	7.468982E+02
-0.119	7.578235E+02
-0.118	7.688067E+02
-0.117	7.798424E+02
-0.116	7.909252E+02
-0.115	8.020490E+02
-0.114	8.132079E+02
-0.113	8.243954E+02
-0.112	8.356048E+02
-0.111	8.468290E+02
-0.11	8.580608E+02
-0.109	8.692925E+02
-0.108	8.805163E+02
-0.107	8.917240E+02
-0.106	9.029070E+02
-0.105	9.140564E+02
-0.104	9.251633E+02
-0.103	9.362184E+02
-0.102	9.472117E+02
-0.101	9.581335E+02
-0.1	9.689733E+02
-0.099	9.797208E+02
-0.098	9.903650E+02
-0.097	1.000895E+03
-0.096	1.011299E+03
-0.095	1.021566E+03
-0.094	1.031684E+03
-0.093	1.041641E+03
-0.092	1.051424E+03
-0.091	1.061022E+03
-0.09	1.070420E+03
-0.089	1.079608E+03
-0.088	1.088570E+03
-0.087	1.097296E+03
-0.086	1.105770E+03
-0.085	1.113980E+03
-0.084	1.121911E+03
-0.083	1.129552E+03
-0.082	1.136887E+03
-0.081	1.143902E+03
-0.08	1.150585E+03
-0.079	1.156922E+03
-0.078	1.162899E+03
-0.077	1.168501E+03
-0.076	1.173716E+03
-0.075	1.178531E+03
-0.074	1.182930E+03
-0.073	1.186902E+03
-0.072	1.190433E+03
-0.071	1.193512E+03
-0.07	1.196123E+03
-0.069	1.198256E+03
-0.068	1.199897E+03
-0.067	1.201036E+03
-0.066	1.201661E+03
-0.065	1.201759E+03
-0.064	1.201321E+03
-0.063	1.200337E+03
-0.062	1.198796E+03
-0.061	1.196687E+03
-0.06	1.194002E+03
-0.059	1.190734E+03
-0.058	1.186872E+03
-0.057	1.182410E+03
-0.056	1.177340E+03
-0.055	1.171657E+03
-0.054	1.165354E+03
-0.053	1.158424E+03
-0.052	1.150864E+03
-0.051	1.142671E+03
-0.05	1.133840E+03
-0.049	1.124367E+03
-0.048	1.114251E+03
-0.047	1.103492E+03
-0.046	1.092088E+03
-0.045	1.080038E+03
-0.044	1.067342E+03
-0.043	1.054005E+03
-0.042	1.040025E+03
-0.041	1.025407E+03
-0.04	1.010153E+03
-0.039	9.942699E+02
-0.038	9.777600E+02
-0.037	9.606294E+02
-0.036	9.428839E+02
-0.035	9.245328E+02
-0.034	9.055814E+02
-0.033	8.860391E+02
-0.032	8.659142E+02
-0.031	8.452189E+02
-0.03	8.239616E+02
-0.029	8.021535E+02
-0.028	7.798061E+02
-0.027	7.569336E+02
-0.026	7.335471E+02
-0.025	7.096609E+02
-0.024	6.852886E+02
-0.023	6.604468E+02
-0.022	6.351493E+02
-0.021	6.094120E+02
-0.02	5.832508E+02
-0.019	5.566844E+02
-0.018	5.297282E+02
-0.017	5.024007E+02
-0.016	4.747197E+02
-0.015	4.467052E+02
-0.014	4.183750E+02
-0.013	3.897484E+02
-0.012	3.608451E+02
-0.011	3.316862E+02
-0.01	3.022907E+02
-0.009	2.726799E+02
-0.008	2.428741E+02
-0.007	2.128952E+02
-0.006	1.827640E+02
-0.005	1.525017E+02
-0.004	1.221300E+02
-0.003	9.167100E+01
-0.002	6.114600E+01
-0.001	3.057725E+01
4.41619e-15	-1.362473E-02
0.001	-3.060447E+01
0.002	-6.117323E+01
0.003	-9.169826E+01
0.004	-1.221574E+02
0.005	-1.525291E+02
0.006	-1.827914E+02
0.007	-2.129228E+02
0.008	-2.429018E+02
0.009	-2.727076E+02
0.01	-3.023186E+02
0.011	-3.317142E+02
0.012	-3.608735E+02
0.013	-3.897768E+02
0.014	-4.184035E+02
0.015	-4.467339E+02
0.016	-4.747486E+02
0.017	-5.024298E+02
0.018	-5.297574E+02
0.019	-5.567138E+02
0.02	-5.832807E+02
0.021	-6.094420E+02
0.022	-6.351796E+02
0.023	-6.604774E+02
0.024	-6.853194E+02
0.025	-7.096920E+02
0.026	-7.335786E+02
0.027	-7.569655E+02
0.028	-7.798384E+02
0.029	-8.021861E+02
0.03	-8.239945E+02
0.031	-8.452523E+02
0.032	-8.659479E+02
0.033	-8.860732E+02
0.034	-9.056160E+02
0.035	-9.245678E+02
0.036	-9.429194E+02
0.037	-9.606653E+02
0.038	-9.777963E+02
0.039	-9.943067E+02
0.04	-1.010190E+03
0.041	-1.025445E+03
0.042	-1.040064E+03
0.043	-1.054044E+03
0.044	-1.067382E+03
0.045	-1.080078E+03
0.046	-1.092128E+03
0.047	-1.103533E+03
0.048	-1.114292E+03
0.049	-1.124409E+03
0.05	-1.133882E+03
0.051	-1.142715E+03
0.052	-1.150908E+03
0.053	-1.158469E+03
0.054	-1.165399E+03
0.055	-1.171703E+03
0.056	-1.177387E+03
0.057	-1.182458E+03
0.058	-1.186921E+03
0.059	-1.190783E+03
0.06	-1.194052E+03
0.061	-1.196738E+03
0.062	-1.198847E+03
0.063	-1.200389E+03
0.064	-1.201374E+03
0.065	-1.201813E+03
0.066	-1.201715E+03
0.067	-1.201092E+03
0.068	-1.199953E+03
0.069	-1.198313E+03
0.07	-1.196181E+03
0.071	-1.193570E+03
0.072	-1.190492E+03
0.073	-1.186962E+03
0.074	-1.182991E+03
0.075	-1.178593E+03
0.076	-1.173779E+03
0.077	-1.168565E+03
0.078	-1.162963E+03
0.079	-1.156988E+03
0.08	-1.150652E+03
0.081	-1.143970E+03
0.082	-1.136955E+03
0.083	-1.129621E+03
0.084	-1.121981E+03
0.085	-1.114051E+03
0.086	-1.105842E+03
0.087	-1.097369E+03
0.088	-1.088644E+03
0.089	-1.079683E+03
0.09	-1.070497E+03
0.091	-1.061099E+03
0.092	-1.051502E+03
0.093	-1.041720E+03
0.094	-1.031764E+03
0.095	-1.021647E+03
0.096	-1.011381E+03
0.097	-1.000978E+03
0.098	-9.904496E+02
0.099	-9.798065E+02
0.1	-9.690600E+02
0.101	-9.582214E+02
0.102	-9.473007E+02
0.103	-9.363085E+02
0.104	-9.252545E+02
0.105	-9.141487E+02
0.106	-9.030003E+02
0.107	-8.918185E+02
0.108	-8.806119E+02
0.109	-8.693893E+02
0.11	-8.581587E+02
0.111	-8.469281E+02
0.112	-8.357050E+02
0.113	-8.244968E+02
0.114	-8.133105E+02
0.115	-8.021528E+02
0.116	-7.910301E+02
0.117	-7.799485E+02
0.118	-7.689140E+02
0.119	-7.579320E+02
0.12	-7.470080E+02
0.121	-7.361466E+02
0.122	-7.253529E+02
0.123	-7.146314E+02
0.124	-7.039863E+02
0.125	-6.934213E+02
0.126	-6.829405E+02
0.127	-6.725472E+02
0.128	-6.622448E+02
0.129	-6.520360E+02
0.13	-6.419240E+02
0.131	-6.319111E+02
0.132	-6.220001E+02
0.133	-6.121927E+02
0.134	-6.024912E+02
0.135	-5.928974E+02
0.136	-5.834129E+02
0.137	-5.740389E+02
0.138	-5.647770E+02
0.139	-5.556282E+02
0.14	-5.465937E+02
0.141	-5.376739E+02
0.142	-5.288699E+02
0.143	-5.201820E+02
0.144	-5.116109E+02
0.145	-5.031563E+02
0.146	-4.948189E+02
0.147	-4.865986E+02
0.148	-4.784956E+02
0.149	-4.705093E+02
0.15	-4.626399E+02
0.151	-4.548868E+02
0.152	-4.472499E+02
0.153	-4.397282E+02
0.154	-4.323216E+02
0.155	-4.250292E+02
0.156	-4.178507E+02
0.157	-4.107847E+02
0.158	-4.038309E+02
0.159	-3.969883E+02
0.16	-3.902560E+02
0.161	-3.836327E+02
0.162	-3.771177E+02
0.163	-3.707100E+02
0.164	-3.644086E+02
0.165	-3.582119E+02
0.166	-3.521192E+02
0.167	-3.461292E+02
0.168	-3.402409E+02
0.169	-3.344525E+02
0.17	-3.287632E+02
0.171	-3.231718E+02
0.172	-3.176770E+02
0.173	-3.122772E+02
0.174	-3.069715E+02
0.175	-3.017584E+02
0.176	-2.966368E+02
0.177	-2.916050E+02
0.178	-2.866620E+02
0.179	-2.818064E+02
0.18	-2.770370E+02
0.181	-2.723522E+02
0.182	-2.677510E+02
0.183	-2.632319E+02
0.184	-2.587939E+02
0.185	-2.544351E+02
0.186	-2.501548E+02
0.187	-2.459514E+02
0.188	-2.418239E+02
0.189	-2.377707E+02
0.19	-2.337908E+02
0.191	-2.298829E+02
0.192	-2.260459E+02
0.193	-2.222781E+02
0.194	-2.185788E+02
0.195	-2.149466E+02
0.196	-2.113804E+02
0.197	-2.078789E+02
0.198	-2.044411E+02
0.199	-2.010658E+02
0.2	-1.977520E+02
0.201	-1.944982E+02
0.202	-1.913037E+02
0.203	-1.881673E+02
0.204	-1.850880E+02
0.205	-1.820645E+02
0.206	-1.790961E+02
0.207	-1.761816E+02
0.208	-1.733201E+02
0.209	-1.705103E+02
0.21	-1.677516E+02
0.211	-1.650430E+02
0.212	-1.623835E+02
0.213	-1.597720E+02
0.214	-1.572078E+02
0.215	-1.546900E+02
0.216	-1.522176E+02
0.217	-1.497898E+02
0.218	-1.474058E+02
0.219	-1.450647E+02
0.22	-1.427657E+02
0.221	-1.405080E+02
0.222	-1.382908E+02
0.223	-1.361133E+02
0.224	-1.339749E+02
0.225	-1.318746E+02
0.226	-1.298118E+02
0.227	-1.277857E+02
0.228	-1.257958E+02
0.229	-1.238412E+02
0.23	-1.219213E+02
0.231	-1.200354E+02
0.232	-1.181828E+02
0.233	-1.163630E+02
0.234	-1.145752E+02
0.235	-1.128189E+02
0.236	-1.110935E+02
0.237	-1.093983E+02
0.238	-1.077329E+02
0.239	-1.060965E+02
0.24	-1.044887E+02
0.241	-1.029089E+02
0.242	-1.013565E+02
0.243	-9.983112E+01
0.244	-9.833215E+01
0.245	-9.685903E+01
0.246	-9.541136E+01
0.247	-9.398862E+01
0.248	-9.259036E+01
0.249	-9.121600E+01
0.25	-8.986519E+01
0.251	-8.853746E+01
0.252	-8.723239E+01
0.253	-8.594947E+01
0.254	-8.468836E+01
0.255	-8.344861E+01
0.256	-8.222984E+01
0.257	-8.103157E+01
0.258	-7.985350E+01
0.259	-7.869521E+01
0.26	-7.755637E+01
0.261	-7.643652E+01
0.262	-7.533539E+01
0.263	-7.425260E+01
0.264	-7.318782E+01
0.265	-7.214064E+01
0.266	-7.111081E+01
0.267	-7.009797E+01
0.268	-6.910184E+01
0.269	-6.812204E+01
0.27	-6.715832E+01
0.271	-6.621037E+01
0.272	-6.527792E+01
0.273	-6.436060E+01
0.274	-6.345820E+01
0.275	-6.257044E+01
0.276	-6.169706E+01
0.277	-6.083774E+01
0.278	-5.999227E+01
0.279	-5.916039E+01
0.28	-5.834185E+01
0.281	-5.753637E+01
0.282	-5.674375E+01
0.283	-5.596376E+01
0.284	-5.519617E+01
0.285	-5.444071E+01
0.286	-5.369721E+01
0.287	-5.296544E+01
0.288	-5.224520E+01
0.289	-5.153623E+01
0.29	-5.083838E+01
0.291	-5.015144E+01
0.292	-4.947522E+01
0.293	-4.880950E+01
0.294	-4.815413E+01
0.295	-4.750890E+01
0.296	-4.687366E+01
0.297	-4.624818E+01
0.298	-4.563232E+01
0.299	-4.502592E+01
0.3	-4.442881E+01
0.301	-4.384081E+01
0.302	-4.326177E+01
0.303	-4.269154E+01
0.304	-4.212996E+01
0.305	-4.157686E+01
0.306	-4.103212E+01
0.307	-4.049559E+01
0.308	-3.996713E+01
0.309	-3.944658E+01
0.31	-3.893383E+01
0.311	-3.842874E+01
0.312	-3.793117E+01
0.313	-3.744098E+01
0.314	-3.695806E+01
0.315	-3.648229E+01
0.316	-3.601355E+01
0.317	-3.555170E+01
0.318	-3.509665E+01
0.319	-3.464826E+01
0.32	-3.420645E+01
0.321	-3.377106E+01
0.322	-3.334202E+01
0.323	-3.291922E+01
0.324	-3.250255E+01
0.325	-3.209190E+01
0.326	-3.168719E+01
0.327	-3.128830E+01
0.328	-3.089516E+01
0.329	-3.050763E+01
0.33	-3.012566E+01
0.331	-2.974914E+01
0.332	-2.937800E+01
0.333	-2.901212E+01
0.334	-2.865143E+01
0.335	-2.829585E+01
0.336	-2.794530E+01
0.337	-2.759968E+01
0.338	-2.725892E+01
0.339	-2.692295E+01
0.34	-2.659168E+01
0.341	-2.626504E+01
0.342	-2.594296E+01
0.343	-2.562536E+01
0.344	-2.531217E+01
0.345	-2.500331E+01
0.346	-2.469873E+01
0.347	-2.439835E+01
0.348	-2.410212E+01
0.349	-2.380995E+01
0.35	-2.352178E+01
0.351	-2.323757E+01
0.352	-2.295724E+01
0.353	-2.268072E+01
0.354	-2.240796E+01
0.355	-2.213891E+01
0.356	-2.187351E+01
0.357	-2.161169E+01
0.358	-2.135341E+01
0.359	-2.109860E+01
0.36	-2.084723E+01
0.361	-2.059921E+01
0.362	-2.035452E+01
0.363	-2.011310E+01
0.364	-1.987491E+01
0.365	-1.963987E+01
0.366	-1.940797E+01
0.367	-1.917913E+01
0.368	-1.895333E+01
0.369	-1.873050E+01
0.37	-1.851061E+01
0.371	-1.829362E+01
0.372	-1.807948E+01
0.373	-1.786813E+01
0.374	-1.765956E+01
0.375	-1.745371E+01
0.376	-1.725054E+01
0.377	-1.705001E+01
0.378	-1.685209E+01
0.379	-1.665673E+01
0.38	-1.646390E+01
0.381	-1.627356E+01
0.382	-1.608567E+01
0.383	-1.590020E+01
0.384	-1.571711E+01
0.385	-1.553637E+01
0.386	-1.535794E+01
0.387	-1.518179E+01
0.388	-1.500788E+01
0.389	-1.483619E+01
0.39	-1.466668E+01
0.391	-1.449932E+01
0.392	-1.433408E+01
0.393	-1.417092E+01
0.394	-1.400983E+01
0.395	-1.385076E+01
0.396	-1.369370E+01
0.397	-1.353860E+01
0.398	-1.338545E+01
0.399	-1.323421E+01
0.4	-1.308486E+01
0.401	-1.293738E+01
0.402	-1.279172E+01
0.403	-1.264788E+01
0.404	-1.250583E+01
0.405	-1.236553E+01
0.406	-1.222696E+01
0.407	-1.209011E+01
0.408	-1.195495E+01
0.409	-1.182144E+01
0.41	-1.168958E+01
0.411	-1.155933E+01
0.412	-1.143068E+01
0.413	-1.130360E+01
0.414	-1.117807E+01
0.415	-1.105407E+01
0.416	-1.093159E+01
0.417	-1.081058E+01
0.418	-1.069105E+01
0.419	-1.057296E+01
0.42	-1.045631E+01
0.421	-1.034105E+01
0.422	-1.022719E+01
0.423	-1.011470E+01
0.424	-1.000357E+01
0.425	-9.893761E+00
0.426	-9.785272E+00
0.427	-9.678081E+00
0.428	-9.572173E+00
0.429	-9.467525E+00
0.43	-9.364125E+00
0.431	-9.261956E+00
0.432	-9.161001E+00
0.433	-9.061241E+00
0.434	-8.962663E+00
0.435	-8.865252E+00
0.436	-8.768992E+00
0.437	-8.673866E+00
0.438	-8.579861E+00
0.439	-8.486962E+00
0.44	-8.395155E+00
0.441	-8.304422E+00
0.442	-8.214752E+00
0.443	-8.126132E+00
0.444	-8.038548E+00
0.445	-7.951984E+00
0.446	-7.866430E+00
0.447	-7.781870E+00
0.448	-7.698295E+00
0.449	-7.615686E+00
0.45	-7.534036E+00
0.451	-7.453331E+00
0.452	-7.373559E+00
0.453	-7.294707E+00
0.454	-7.216765E+00
0.455	-7.139720E+00
0.456	-7.063562E+00
0.457	-6.988276E+00
0.458	-6.913855E+00
0.459	-6.840287E+00
0.46	-6.767561E+00
0.461	-6.695664E+00
0.462	-6.624590E+00
0.463	-6.554325E+00
0.464	-6.484861E+00
0.465	-6.416185E+00
0.466	-6.348290E+00
0.467	-6.281165E+00
0.468	-6.214802E+00
0.469	-6.149189E+00
0.47	-6.084317E+00
0.471	-6.020179E+00
0.472	-5.956765E+00
0.473	-5.894063E+00
0.474	-5.832067E+00
0.475	-5.770768E+00
0.476	-5.710159E+00
0.477	-5.650227E+00
0.478	-5.590968E+00
0.479	-5.532372E+00
0.48	-5.474432E+00
0.481	-5.417136E+00
0.482	-5.360481E+00
0.483	-5.304456E+00
0.484	-5.249056E+00
0.485	-5.194270E+00
0.486	-5.140094E+00
0.487	-5.086518E+00
0.488	-5.033537E+00
0.489	-4.981141E+00
0.49	-4.929324E+00
0.491	-4.878081E+00
0.492	-4.827403E+00
0.493	-4.777283E+00
0.494	-4.727715E+00
0.495	-4.678693E+00
0.496	-4.630210E+00
0.497	-4.582258E+00
0.498	-4.534833E+00
0.499	-4.487927E+00
0.5	-4.441535E+00
0.501	-4.395650E+00
0.502	-4.350267E+00
0.503	-4.305379E+00
0.504	-4.260981E+00
0.505	-4.217065E+00
0.506	-4.173628E+00
0.507	-4.130663E+00
0.508	-4.088166E+00
0.509	-4.046129E+00
0.51	-4.004548E+00
0.511	-3.963418E+00
0.512	-3.922734E+00
0.513	-3.882488E+00
0.514	-3.842677E+00
0.515	-3.803297E+00
0.516	-3.764341E+00
0.517	-3.725805E+00
0.518	-3.687684E+00
0.519	-3.649973E+00
0.52	-3.612667E+00
0.521	-3.575761E+00
0.522	-3.539252E+00
0.523	-3.503134E+00
0.524	-3.467403E+00
0.525	-3.432054E+00
0.526	-3.397084E+00
0.527	-3.362487E+00
0.528	-3.328259E+00
0.529	-3.294396E+00
0.53	-3.260894E+00
0.531	-3.227749E+00
0.532	-3.194957E+00
0.533	-3.162513E+00
0.534	-3.130414E+00
0.535	-3.098656E+00
0.536	-3.067235E+00
0.537	-3.036147E+00
0.538	-3.005387E+00
0.539	-2.974954E+00
0.54	-2.944842E+00
0.541	-2.915048E+00
0.542	-2.885570E+00
0.543	-2.856402E+00
0.544	-2.827542E+00
0.545	-2.798985E+00
0.546	-2.770729E+00
0.547	-2.742770E+00
0.548	-2.715106E+00
0.549	-2.687732E+00
0.55	-2.660645E+00
0.551	-2.633842E+00
0.552	-2.607321E+00
0.553	-2.581077E+00
0.554	-2.555108E+00
0.555	-2.529410E+00
0.556	-2.503981E+00
0.557	-2.478818E+00
0.558	-2.453917E+00
0.559	-2.429277E+00
0.56	-2.404893E+00
0.561	-2.380763E+00
0.562	-2.356884E+00
0.563	-2.333254E+00
0.564	-2.309869E+00
0.565	-2.286728E+00
0.566	-2.263826E+00
0.567	-2.241163E+00
0.568	-2.218734E+00
0.569	-2.196538E+00
0.57	-2.174572E+00
0.571	-2.152833E+00
0.572	-2.131319E+00
0.573	-2.110027E+00
0.574	-2.088956E+00
0.575	-2.068102E+00
0.576	-2.047463E+00
0.577	-2.027037E+00
0.578	-2.006821E+00
0.579	-1.986814E+00
0.58	-1.967013E+00
0.581	-1.947415E+00
0.582	-1.928019E+00
0.583	-1.908823E+00
0.584	-1.889824E+00
0.585	-1.871019E+00
0.586	-1.852407E+00
0.587	-1.833987E+00
0.588	-1.815755E+00
0.589	-1.797710E+00
0.59	-1.779849E+00
0.591	-1.762172E+00
0.592	-1.744675E+00
0.593	-1.727357E+00
0.594	-1.710215E+00
0.595	-1.693249E+00
0.596	-1.676456E+00
0.597	-1.659834E+00
0.598	-1.643382E+00
0.599	-1.627097E+00
0.6	-1.610978E+00
0.601	-1.595023E+00
0.602	-1.579230E+00
0.603	-1.563598E+00
0.604	-1.548125E+00
0.605	-1.532808E+00
0.606	-1.517648E+00
0.607	-1.502641E+00
0.608	-1.487786E+00
0.609	-1.473082E+00
0.61	-1.458527E+00
0.611	-1.444119E+00
0.612	-1.429857E+00
0.613	-1.415740E+00
0.614	-1.401765E+00
0.615	-1.387931E+00
0.616	-1.374238E+00
0.617	-1.360682E+00
0.618	-1.347263E+00
0.619	-1.333980E+00
0.62	-1.320830E+00
0.621	-1.307813E+00
0.622	-1.294927E+00
0.623	-1.282171E+00
0.624	-1.269544E+00
0.625	-1.257043E+00
0.626	-1.244668E+00
0.627	-1.232418E+00
0.628	-1.220290E+00
0.629	-1.208285E+00
0.63	-1.196400E+00
0.631	-1.184634E+00
0.632	-1.172986E+00
0.633	-1.161455E+00
0.634	-1.150039E+00
0.635	-1.138738E+00
0.636	-1.127550E+00
0.637	-1.116474E+00
0.638	-1.105509E+00
0.639	-1.094654E+00
0.64	-1.083907E+00
0.641	-1.073267E+00
0.642	-1.062734E+00
0.643	-1.052306E+00
0.644	-1.041982E+00
0.645	-1.031760E+00
0.646	-1.021641E+00
0.647	-1.011623E+00
0.648	-1.001705E+00
0.649	-9.918847E-01
0.65	-9.821628E-01
0.651	-9.725376E-01
0.652	-9.630083E-01
0.653	-9.535736E-01
0.654	-9.442327E-01
0.655	-9.349847E-01
0.656	-9.258286E-01
0.657	-9.167633E-01
0.658	-9.077880E-01
0.659	-8.989018E-01
0.66	-8.901037E-01
0.661	-8.813928E-01
0.662	-8.727683E-01
0.663	-8.642292E-01
0.664	-8.557748E-01
0.665	-8.474039E-01
0.666	-8.391159E-01
0.667	-8.309099E-01
0.668	-8.227851E-01
0.669	-8.147405E-01
0.67	-8.067755E-01
0.671	-7.988892E-01
0.672	-7.910808E-01
0.673	-7.833493E-01
0.674	-7.756941E-01
0.675	-7.681145E-01
0.676	-7.606097E-01
0.677	-7.531787E-01
0.678	-7.458210E-01
0.679	-7.385358E-01
0.68	-7.313224E-01
0.681	-7.241798E-01
0.682	-7.171076E-01
0.683	-7.101049E-01
0.684	-7.031711E-01
0.685	-6.963054E-01
0.686	-6.895072E-01
0.687	-6.827758E-01
0.688	-6.761105E-01
0.689	-6.695105E-01
0.69	-6.629753E-01
0.691	-6.565043E-01
0.692	-6.500967E-01
0.693	-6.437518E-01
0.694	-6.374692E-01
0.695	-6.312480E-01
0.696	-6.250878E-01
0.697	-6.189878E-01
0.698	-6.129475E-01
0.699	-6.069662E-01
0.7	-6.010435E-01
0.701	-5.951786E-01
0.702	-5.893710E-01
0.703	-5.836202E-01
0.704	-5.779256E-01
0.705	-5.722864E-01
0.706	-5.667022E-01
0.707	-5.611726E-01
0.708	-5.556968E-01
0.709	-5.502744E-01
0.71	-5.449048E-01
0.711	-5.395876E-01
0.712	-5.343221E-01
0.713	-5.291077E-01
0.714	-5.239441E-01
0.715	-5.188307E-01
0.716	-5.137671E-01
0.717	-5.087526E-01
0.718	-5.037868E-01
0.719	-4.988693E-01
0.72	-4.939995E-01
0.721	-4.891769E-01
0.722	-4.844010E-01
0.723	-4.796715E-01
0.724	-4.749878E-01
0.725	-4.703495E-01
0.726	-4.657561E-01
0.727	-4.612071E-01
0.728	-4.567023E-01
0.729	-4.522409E-01
0.73	-4.478226E-01
0.731	-4.434471E-01
0.732	-4.391138E-01
0.733	-4.348224E-01
0.734	-4.305724E-01
0.735	-4.263634E-01
0.736	-4.221950E-01
0.737	-4.180668E-01
0.738	-4.139783E-01
0.739	-4.099293E-01
0.74	-4.059192E-01
0.741	-4.019477E-01
0.742	-3.980144E-01
0.743	-3.941190E-01
0.744	-3.902610E-01
0.745	-3.864400E-01
0.746	-3.826558E-01
0.747	-3.789078E-01
0.748	-3.751959E-01
0.749	-3.715194E-01
0.75	-3.678783E-01
0.751	-3.642720E-01
0.752	-3.607003E-01
0.753	-3.571628E-01
0.754	-3.536591E-01
0.755	-3.501889E-01
0.756	-3.467518E-01
0.757	-3.433476E-01
0.758	-3.399759E-01
0.759	-3.366364E-01
0.76	-3.333288E-01
0.761	-3.300526E-01
0.762	-3.268076E-01
0.763	-3.235936E-01
0.764	-3.204102E-01
0.765	-3.172570E-01
0.766	-3.141338E-01
0.767	-3.110403E-01
0.768	-3.079762E-01
0.769	-3.049411E-01
0.77	-3.019349E-01
0.771	-2.989571E-01
0.772	-2.960076E-01
0.773	-2.930859E-01
0.774	-2.901919E-01
0.775	-2.873253E-01
0.776	-2.844858E-01
0.777	-2.816731E-01
0.778	-2.788869E-01
0.779	-2.761270E-01
0.78	-2.733931E-01
0.781	-2.706850E-01
0.782	-2.680024E-01
0.783	-2.653450E-01
0.784	-2.627126E-01
0.785	-2.601049E-01
0.786	-2.575216E-01
0.787	-2.549626E-01
0.788	-2.524276E-01
0.789	-2.499163E-01
0.79	-2.474286E-01
0.791	-2.449640E-01
0.792	-2.425226E-01
0.793	-2.401038E-01
0.794	-2.377077E-01
0.795	-2.353339E-01
0.796	-2.329822E-01
0.797	-2.306523E-01
0.798	-2.283442E-01
0.799	-2.260574E-01
0.8	-2.237919E-01
0.801	-2.215474E-01
0.802	-2.193236E-01
0.803	-2.171205E-01
0.804	-2.149377E-01
0.805	-2.127751E-01
0.806	-2.106324E-01
0.807	-2.085094E-01
0.808	-2.064061E-01
0.809	-2.043220E-01
0.81	-2.022571E-01
0.811	-2.002111E-01
0.812	-1.981840E-01
0.813	-1.961753E-01
0.814	-1.941850E-01
0.815	-1.922130E-01
0.816	-1.902589E-01
0.817	-1.883226E-01
0.818	-1.864040E-01
0.819	-1.845027E-01
0.82	-1.826188E-01
0.821	-1.807519E-01
0.822	-1.789020E-01
0.823	-1.770688E-01
0.824	-1.752521E-01
0.825	-1.734518E-01
0.826	-1.716678E-01
0.827	-1.698998E-01
0.828	-1.681476E-01
0.829	-1.664112E-01
0.83	-1.646903E-01
0.831	-1.629848E-01
0.832	-1.612946E-01
0.833	-1.596194E-01
0.834	-1.579591E-01
0.835	-1.563136E-01
0.836	-1.546826E-01
0.837	-1.530661E-01
0.838	-1.514639E-01
0.839	-1.498758E-01
0.84	-1.483017E-01
0.841	-1.467414E-01
0.842	-1.451949E-01
0.843	-1.436618E-01
0.844	-1.421422E-01
0.845	-1.406359E-01
0.846	-1.391426E-01
0.847	-1.376623E-01
0.848	-1.361949E-01
0.849	-1.347401E-01
0.85	-1.332979E-01
0.851	-1.318682E-01
0.852	-1.304507E-01
0.853	-1.290454E-01
0.854	-1.276521E-01
0.855	-1.262707E-01
0.856	-1.249010E-01
0.857	-1.235430E-01
0.858	-1.221965E-01
0.859	-1.208614E-01
0.86	-1.195375E-01
0.861	-1.182248E-01
0.862	-1.169231E-01
0.863	-1.156322E-01
0.864	-1.143521E-01
0.865	-1.130827E-01
0.866	-1.118237E-01
0.867	-1.105752E-01
0.868	-1.093370E-01
0.869	-1.081089E-01
0.87	-1.068909E-01
0.871	-1.056829E-01
0.872	-1.044846E-01
0.873	-1.032961E-01
0.874	-1.021172E-01
0.875	-1.009478E-01
0.876	-9.978778E-02
0.877	-9.863702E-02
0.878	-9.749544E-02
0.879	-9.636292E-02
0.88	-9.523936E-02
0.881	-9.412464E-02
0.882	-9.301868E-02
0.883	-9.192136E-02
0.884	-9.083258E-02
0.885	-8.975223E-02
0.886	-8.868022E-02
0.887	-8.761645E-02
0.888	-8.656083E-02
0.889	-8.551323E-02
0.89	-8.447358E-02
0.891	-8.344178E-02
0.892	-8.241772E-02
0.893	-8.140132E-02
0.894	-8.039247E-02
0.895	-7.939109E-02
0.896	-7.839708E-02
0.897	-7.741033E-02
0.898	-7.643078E-02
0.899	-7.545832E-02
0.9	-7.449287E-02
0.901	-7.353432E-02
0.902	-7.258260E-02
0.903	-7.163762E-02
0.904	-7.069928E-02
0.905	-6.976750E-02
0.906	-6.884219E-02
0.907	-6.792326E-02
0.908	-6.701064E-02
0.909	-6.610423E-02
0.91	-6.520396E-02
0.911	-6.430973E-02
0.912	-6.342147E-02
0.913	-6.253907E-02
0.914	-6.166249E-02
0.915	-6.079162E-02
0.916	-5.992639E-02
0.917	-5.906671E-02
0.918	-5.821250E-02
0.919	-5.736370E-02
0.92	-5.652021E-02
0.921	-5.568196E-02
0.922	-5.484887E-02
0.923	-5.402086E-02
0.924	-5.319786E-02
0.925	-5.237979E-02
0.926	-5.156657E-02
0.927	-5.075813E-02
0.928	-4.995440E-02
0.929	-4.915528E-02
0.93	-4.836073E-02
0.931	-4.757065E-02
0.932	-4.678499E-02
0.933	-4.600365E-02
0.934	-4.522658E-02
0.935	-4.445370E-02
0.936	-4.368494E-02
0.937	-4.292021E-02
0.938	-4.215946E-02
0.939	-4.140262E-02
0.94	-4.064962E-02
0.941	-3.990037E-02
0.942	-3.915482E-02
0.943	-3.841290E-02
0.944	-3.767454E-02
0.945	-3.693965E-02
0.946	-3.620819E-02
0.947	-3.548009E-02
0.948	-3.475527E-02
0.949	-3.403366E-02
0.95	-3.331521E-02
0.951	-3.259983E-02
0.952	-3.188748E-02
0.953	-3.117808E-02
0.954	-3.047156E-02
0.955	-2.976786E-02
0.956	-2.906692E-02
0.957	-2.836867E-02
0.958	-2.767304E-02
0.959	-2.697998E-02
0.96	-2.628941E-02
0.961	-2.560127E-02
0.962	-2.491551E-02
0.963	-2.423204E-02
0.964	-2.355082E-02
0.965	-2.287178E-02
0.966	-2.219486E-02
0.967	-2.151999E-02
0.968	-2.084711E-02
0.969	-2.017615E-02
0.97	-1.950706E-02
0.971	-1.883978E-02
0.972	-1.817424E-02
0.973	-1.751038E-02
0.974	-1.684815E-02
0.975	-1.618747E-02
0.976	-1.552828E-02
0.977	-1.487053E-02
0.978	-1.421416E-02
0.979	-1.355910E-02
0.98	-1.290530E-02
0.981	-1.225269E-02
0.982	-1.160121E-02
0.983	-1.095081E-02
0.984	-1.030142E-02
0.985	-9.652974E-03
0.986	-9.005422E-03
0.987	-8.358702E-03
0.988	-7.712750E-03
0.989	-7.067509E-03
0.99	-6.422925E-03
0.991	-5.778919E-03
0.992	-5.135448E-03
0.993	-4.492487E-03
0.994	-3.849889E-03
0.995	-3.207684E-03
0.996	-2.565675E-03
0.997	-1.923861E-03
0.998	-1.282411E-03
0.999	-6.411935E-04
1	0.000000E+00
