-0.5	0.000000E+00
-0.499	1.045297E-02
-0.498	2.093199E-02
-0.497	3.142776E-02
-0.496	4.206005E-02
-0.495	5.268117E-02
-0.494	6.342987E-02
-0.493	7.417231E-02
-0.492	8.509894E-02
-0.491	9.599112E-02
-0.49	1.070570E-01
-0.489	1.180636E-01
-0.488	1.292767E-01
-0.487	1.404266E-01
-0.486	1.517371E-01
-0.485	1.631043E-01
-0.484	1.745604E-01
-0.483	1.860814E-01
-0.482	1.977341E-01
-0.481	2.094641E-01
-0.48	2.213628E-01
-0.479	2.333535E-01
-0.478	2.455059E-01
-0.477	2.577552E-01
-0.476	2.701164E-01
-0.475	2.825526E-01
-0.474	2.950865E-01
-0.473	3.076878E-01
-0.472	3.204735E-01
-0.471	3.333909E-01
-0.47	3.465933E-01
-0.469	3.599770E-01
-0.468	3.737018E-01
-0.467	3.876372E-01
-0.466	4.020198E-01
-0.465	4.166854E-01
-0.464	4.317712E-01
-0.463	4.470891E-01
-0.462	4.623739E-01
-0.461	4.775295E-01
-0.46	4.923476E-01
-0.459	5.069045E-01
-0.458	5.216733E-01
-0.457	5.366919E-01
-0.456	5.528922E-01
-0.455	5.690244E-01
-0.454	5.860996E-01
-0.453	6.026157E-01
-0.452	6.191234E-01
-0.451	6.352298E-01
-0.45	6.519394E-01
-0.449	6.685982E-01
-0.448	6.863323E-01
-0.447	7.036716E-01
-0.446	7.214111E-01
-0.445	7.388356E-01
-0.444	7.571551E-01
-0.443	7.752431E-01
-0.442	7.941111E-01
-0.441	8.125277E-01
-0.44	8.313341E-01
-0.439	8.499759E-01
-0.438	8.697085E-01
-0.437	8.892527E-01
-0.436	9.096182E-01
-0.435	9.296635E-01
-0.434	9.506329E-01
-0.433	9.714320E-01
-0.432	9.932253E-01
-0.431	1.014482E+00
-0.43	1.036138E+00
-0.429	1.057592E+00
-0.428	1.080228E+00
-0.427	1.102485E+00
-0.426	1.125582E+00
-0.425	1.148488E+00
-0.424	1.172822E+00
-0.423	1.196711E+00
-0.422	1.221787E+00
-0.421	1.246564E+00
-0.42	1.272968E+00
-0.419	1.298829E+00
-0.418	1.325886E+00
-0.417	1.352482E+00
-0.416	1.380535E+00
-0.415	1.408418E+00
-0.414	1.439774E+00
-0.413	1.471923E+00
-0.412	1.511419E+00
-0.411	1.551120E+00
-0.41	1.598275E+00
-0.409	1.642612E+00
-0.408	1.685416E+00
-0.407	1.721012E+00
-0.406	1.740478E+00
-0.405	1.754246E+00
-0.404	1.752397E+00
-0.403	1.755775E+00
-0.402	1.769773E+00
-0.401	1.795535E+00
-0.4	1.843447E+00
-0.399	1.889834E+00
-0.398	1.927162E+00
-0.397	1.955990E+00
-0.396	1.972959E+00
-0.395	1.996518E+00
-0.394	2.038550E+00
-0.393	2.081645E+00
-0.392	2.119624E+00
-0.391	2.151637E+00
-0.39	2.177810E+00
-0.389	2.210849E+00
-0.388	2.258748E+00
-0.387	2.302492E+00
-0.386	2.334727E+00
-0.385	2.368104E+00
-0.384	2.410005E+00
-0.383	2.452828E+00
-0.382	2.493173E+00
-0.381	2.531923E+00
-0.38	2.572839E+00
-0.379	2.616501E+00
-0.378	2.663071E+00
-0.377	2.707107E+00
-0.376	2.750216E+00
-0.375	2.795720E+00
-0.374	2.844874E+00
-0.373	2.892263E+00
-0.372	2.939985E+00
-0.371	2.989652E+00
-0.37	3.042634E+00
-0.369	3.095046E+00
-0.368	3.152315E+00
-0.367	3.210858E+00
-0.366	3.274703E+00
-0.365	3.338811E+00
-0.364	3.408428E+00
-0.363	3.473309E+00
-0.362	3.530926E+00
-0.361	3.585514E+00
-0.36	3.627785E+00
-0.359	3.667330E+00
-0.358	3.704647E+00
-0.357	3.752979E+00
-0.356	3.818977E+00
-0.355	3.887911E+00
-0.354	3.961224E+00
-0.353	4.028318E+00
-0.352	4.080603E+00
-0.351	4.135257E+00
-0.35	4.198505E+00
-0.349	4.265828E+00
-0.348	4.339033E+00
-0.347	4.409399E+00
-0.346	4.470942E+00
-0.345	4.536271E+00
-0.344	4.613757E+00
-0.343	4.691567E+00
-0.342	4.764647E+00
-0.341	4.837597E+00
-0.34	4.913753E+00
-0.339	4.992616E+00
-0.338	5.074259E+00
-0.337	5.155265E+00
-0.336	5.234650E+00
-0.335	5.317080E+00
-0.334	5.405741E+00
-0.333	5.493039E+00
-0.332	5.577962E+00
-0.331	5.667806E+00
-0.33	5.761543E+00
-0.329	5.853542E+00
-0.328	5.947970E+00
-0.327	6.044207E+00
-0.326	6.141869E+00
-0.325	6.242102E+00
-0.324	6.343333E+00
-0.323	6.445861E+00
-0.322	6.551924E+00
-0.321	6.658075E+00
-0.32	6.767341E+00
-0.319	6.878440E+00
-0.318	6.989934E+00
-0.317	7.105564E+00
-0.316	7.225986E+00
-0.315	7.345511E+00
-0.314	7.467735E+00
-0.313	7.592663E+00
-0.312	7.718785E+00
-0.311	7.845490E+00
-0.31	7.974425E+00
-0.309	8.104826E+00
-0.308	8.237473E+00
-0.307	8.373219E+00
-0.306	8.510462E+00
-0.305	8.650219E+00
-0.304	8.792504E+00
-0.303	8.936424E+00
-0.302	9.084606E+00
-0.301	9.236079E+00
-0.3	9.390152E+00
-0.299	9.546858E+00
-0.298	9.705415E+00
-0.297	9.866721E+00
-0.296	1.003181E+01
-0.295	1.020115E+01
-0.294	1.037267E+01
-0.293	1.054749E+01
-0.292	1.072599E+01
-0.291	1.090741E+01
-0.29	1.109475E+01
-0.289	1.128349E+01
-0.288	1.147687E+01
-0.287	1.167531E+01
-0.286	1.187563E+01
-0.285	1.208226E+01
-0.284	1.229294E+01
-0.283	1.250830E+01
-0.282	1.272942E+01
-0.281	1.295360E+01
-0.28	1.318360E+01
-0.279	1.341846E+01
-0.278	1.365909E+01
-0.277	1.390330E+01
-0.276	1.415325E+01
-0.275	1.440717E+01
-0.274	1.466465E+01
-0.273	1.492744E+01
-0.272	1.519265E+01
-0.271	1.546540E+01
-0.27	1.573955E+01
-0.269	1.601900E+01
-0.268	1.630386E+01
-0.267	1.659242E+01
-0.266	1.689109E+01
-0.265	1.719305E+01
-0.264	1.750556E+01
-0.263	1.782360E+01
-0.262	1.815227E+01
-0.261	1.848893E+01
-0.26	1.883593E+01
-0.259	1.919152E+01
-0.258	1.955295E+01
-0.257	1.992260E+01
-0.256	2.029532E+01
-0.255	2.067751E+01
-0.254	2.106767E+01
-0.253	2.147012E+01
-0.252	2.188312E+01
-0.251	2.230751E+01
-0.25	2.274011E+01
-0.249	2.318288E+01
-0.248	2.363384E+01
-0.247	2.409555E+01
-0.246	2.456746E+01
-0.245	2.504783E+01
-0.244	2.553998E+01
-0.243	2.604011E+01
-0.242	2.655763E+01
-0.241	2.708781E+01
-0.24	2.763466E+01
-0.239	2.819111E+01
-0.238	2.876231E+01
-0.237	2.934474E+01
-0.236	2.994280E+01
-0.235	3.055888E+01
-0.234	3.118592E+01
-0.233	3.183186E+01
-0.232	3.249001E+01
-0.231	3.316716E+01
-0.23	3.385900E+01
-0.229	3.456536E+01
-0.228	3.528885E+01
-0.227	3.602757E+01
-0.226	3.678817E+01
-0.225	3.756600E+01
-0.224	3.836551E+01
-0.223	3.918029E+01
-0.222	4.001930E+01
-0.221	4.087874E+01
-0.22	4.176265E+01
-0.219	4.267219E+01
-0.218	4.360139E+01
-0.217	4.455668E+01
-0.216	4.553667E+01
-0.215	4.654999E+01
-0.214	4.758741E+01
-0.213	4.865571E+01
-0.212	4.974997E+01
-0.211	5.087617E+01
-0.21	5.203348E+01
-0.209	5.322311E+01
-0.208	5.444617E+01
-0.207	5.570554E+01
-0.206	5.699611E+01
-0.205	5.832365E+01
-0.204	5.968474E+01
-0.203	6.108814E+01
-0.202	6.253191E+01
-0.201	6.402302E+01
-0.2	6.555485E+01
-0.199	6.713254E+01
-0.198	6.874672E+01
-0.197	7.040472E+01
-0.196	7.211629E+01
-0.195	7.388469E+01
-0.194	7.570751E+01
-0.193	7.757981E+01
-0.192	7.950853E+01
-0.191	8.149016E+01
-0.19	8.353890E+01
-0.189	8.564978E+01
-0.188	8.782487E+01
-0.187	9.006303E+01
-0.186	9.236858E+01
-0.185	9.474752E+01
-0.184	9.720154E+01
-0.183	9.973534E+01
-0.182	1.023420E+02
-0.181	1.050294E+02
-0.18	1.078027E+02
-0.179	1.106691E+02
-0.178	1.136240E+02
-0.177	1.166705E+02
-0.176	1.198181E+02
-0.175	1.230686E+02
-0.174	1.264257E+02
-0.173	1.298872E+02
-0.172	1.334654E+02
-0.171	1.371602E+02
-0.17	1.409768E+02
-0.169	1.449161E+02
-0.168	1.489903E+02
-0.167	1.532014E+02
-0.166	1.575547E+02
-0.165	1.620496E+02
-0.164	1.667001E+02
-0.163	1.715086E+02
-0.162	1.764819E+02
-0.161	1.816228E+02
-0.16	1.869388E+02
-0.159	1.924380E+02
-0.158	1.981198E+02
-0.157	2.039982E+02
-0.156	2.100787E+02
-0.155	2.163802E+02
-0.154	2.228989E+02
-0.153	2.296538E+02
-0.152	2.366332E+02
-0.151	2.438625E+02
-0.15	2.513283E+02
-0.149	2.590609E+02
-0.148	2.670621E+02
-0.147	2.753583E+02
-0.146	2.839389E+02
-0.145	2.928244E+02
-0.144	3.020086E+02
-0.143	3.115139E+02
-0.142	3.213608E+02
-0.141	3.315660E+02
-0.14	3.421265E+02
-0.139	3.530534E+02
-0.138	3.643625E+02
-0.137	3.760645E+02
-0.136	3.881860E+02
-0.135	4.007298E+02
-0.134	4.137107E+02
-0.133	4.271333E+02
-0.132	4.410332E+02
-0.131	4.554132E+02
-0.13	4.702849E+02
-0.129	4.856551E+02
-0.128	5.015558E+02
-0.127	5.180061E+02
-0.126	5.350052E+02
-0.125	5.525659E+02
-0.124	5.707177E+02
-0.123	5.894721E+02
-0.122	6.088554E+02
-0.121	6.288530E+02
-0.12	6.495180E+02
-0.119	6.708199E+02
-0.118	6.928257E+02
-0.117	7.155009E+02
-0.116	7.389031E+02
-0.115	7.630078E+02
-0.114	7.878629E+02
-0.113	8.134376E+02
-0.112	8.397939E+02
-0.111	8.669066E+02
-0.11	8.948146E+02
-0.109	9.234843E+02
-0.108	9.529783E+02
-0.107	9.832544E+02
-0.106	1.014363E+03
-0.105	1.046260E+03
-0.104	1.078998E+03
-0.103	1.112548E+03
-0.102	1.146940E+03
-0.101	1.182131E+03
-0.1	1.218164E+03
-0.099	1.255003E+03
-0.098	1.292672E+03
-0.097	1.331129E+03
-0.096	1.370386E+03
-0.095	1.410414E+03
-0.094	1.451220E+03
-0.093	1.492759E+03
-0.092	1.535047E+03
-0.091	1.578040E+03
-0.09	1.621739E+03
-0.089	1.666116E+03
-0.088	1.711154E+03
-0.087	1.756801E+03
-0.086	1.803042E+03
-0.085	1.849841E+03
-0.084	1.897161E+03
-0.083	1.944967E+03
-0.082	1.993231E+03
-0.081	2.041908E+03
-0.08	2.090969E+03
-0.079	2.140353E+03
-0.078	2.190045E+03
-0.077	2.239959E+03
-0.076	2.290099E+03
-0.075	2.340367E+03
-0.074	2.390771E+03
-0.073	2.441215E+03
-0.072	2.491689E+03
-0.071	2.542126E+03
-0.07	2.592496E+03
-0.069	2.642734E+03
-0.068	2.692805E+03
-0.067	2.742653E+03
-0.066	2.792239E+03
-0.065	2.841510E+03
-0.064	2.890434E+03
-0.063	2.938954E+03
-0.062	2.987050E+03
-0.061	3.034661E+03
-0.06	3.081763E+03
-0.059	3.128302E+03
-0.058	3.174261E+03
-0.057	3.219589E+03
-0.056	3.264281E+03
-0.055	3.308278E+03
-0.054	3.351584E+03
-0.053	3.394144E+03
-0.052	3.435966E+03
-0.051	3.476981E+03
-0.05	3.517218E+03
-0.049	3.556622E+03
-0.048	3.595201E+03
-0.047	3.632929E+03
-0.046	3.669795E+03
-0.045	3.705794E+03
-0.044	3.740913E+03
-0.043	3.775151E+03
-0.042	3.808504E+03
-0.041	3.840951E+03
-0.04	3.872514E+03
-0.039	3.903162E+03
-0.038	3.932917E+03
-0.037	3.961768E+03
-0.036	3.989723E+03
-0.035	4.016793E+03
-0.034	4.042975E+03
-0.033	4.068278E+03
-0.032	4.092706E+03
-0.031	4.116259E+03
-0.03	4.138956E+03
-0.029	4.160789E+03
-0.028	4.181784E+03
-0.027	4.201928E+03
-0.026	4.221252E+03
-0.025	4.239742E+03
-0.024	4.257428E+03
-0.023	4.274303E+03
-0.022	4.290387E+03
-0.021	4.305680E+03
-0.02	4.320194E+03
-0.019	4.333937E+03
-0.018	4.346918E+03
-0.017	4.359146E+03
-0.016	4.370626E+03
-0.015	4.381378E+03
-0.014	4.391395E+03
-0.013	4.400697E+03
-0.012	4.409286E+03
-0.011	4.417160E+03
-0.01	4.424334E+03
-0.009	4.430799E+03
-0.008	4.436571E+03
-0.007	4.441650E+03
-0.006	4.446043E+03
-0.005	4.449755E+03
-0.004	4.452793E+03
-0.003	4.455150E+03
-0.002	4.456837E+03
-0.001	4.457848E+03
0	4.458187E+03
0.001	4.457855E+03
0.002	4.456849E+03
0.003	4.455172E+03
0.004	4.452820E+03
0.005	4.449792E+03
0.006	4.446080E+03
0.007	4.441691E+03
0.008	4.436606E+03
0.009	4.430841E+03
0.01	4.424378E+03
0.011	4.417216E+03
0.012	4.409353E+03
0.013	4.400776E+03
0.014	4.391479E+03
0.015	4.381463E+03
0.016	4.370712E+03
0.017	4.359226E+03
0.018	4.346997E+03
0.019	4.334015E+03
0.02	4.320280E+03
0.021	4.305770E+03
0.022	4.290480E+03
0.023	4.274403E+03
0.024	4.257521E+03
0.025	4.239843E+03
0.026	4.221351E+03
0.027	4.202031E+03
0.028	4.181888E+03
0.029	4.160898E+03
0.03	4.139065E+03
0.031	4.116374E+03
0.032	4.092825E+03
0.033	4.068399E+03
0.034	4.043099E+03
0.035	4.016918E+03
0.036	3.989853E+03
0.037	3.961885E+03
0.038	3.933027E+03
0.039	3.903271E+03
0.04	3.872624E+03
0.041	3.841073E+03
0.042	3.808628E+03
0.043	3.775278E+03
0.044	3.741040E+03
0.045	3.705921E+03
0.046	3.669930E+03
0.047	3.633057E+03
0.048	3.595322E+03
0.049	3.556746E+03
0.05	3.517337E+03
0.051	3.477109E+03
0.052	3.436082E+03
0.053	3.394275E+03
0.054	3.351708E+03
0.055	3.308407E+03
0.056	3.264394E+03
0.057	3.219706E+03
0.058	3.174366E+03
0.059	3.128404E+03
0.06	3.081852E+03
0.061	3.034752E+03
0.062	2.987136E+03
0.063	2.939043E+03
0.064	2.890516E+03
0.065	2.841589E+03
0.066	2.792310E+03
0.067	2.742721E+03
0.068	2.692871E+03
0.069	2.642800E+03
0.07	2.592557E+03
0.071	2.542191E+03
0.072	2.491747E+03
0.073	2.441269E+03
0.074	2.390805E+03
0.075	2.340410E+03
0.076	2.290124E+03
0.077	2.239994E+03
0.078	2.190065E+03
0.079	2.140383E+03
0.08	2.090990E+03
0.081	2.041933E+03
0.082	1.993251E+03
0.083	1.944981E+03
0.084	1.897163E+03
0.085	1.849840E+03
0.086	1.803041E+03
0.087	1.756802E+03
0.088	1.711152E+03
0.089	1.666124E+03
0.09	1.621743E+03
0.091	1.578036E+03
0.092	1.535026E+03
0.093	1.492731E+03
0.094	1.451172E+03
0.095	1.410370E+03
0.096	1.370337E+03
0.097	1.331087E+03
0.098	1.292630E+03
0.099	1.254978E+03
0.1	1.218135E+03
0.101	1.182112E+03
0.102	1.146907E+03
0.103	1.112528E+03
0.104	1.078971E+03
0.105	1.046239E+03
0.106	1.014324E+03
0.107	9.832276E+02
0.108	9.529402E+02
0.109	9.234587E+02
0.11	8.947717E+02
0.111	8.668754E+02
0.112	8.397561E+02
0.113	8.134087E+02
0.114	7.878177E+02
0.115	7.629734E+02
0.116	7.388609E+02
0.117	7.154692E+02
0.118	6.927823E+02
0.119	6.707887E+02
0.12	6.494709E+02
0.121	6.288167E+02
0.122	6.088086E+02
0.123	5.894350E+02
0.124	5.706776E+02
0.125	5.525230E+02
0.126	5.349538E+02
0.127	5.179557E+02
0.128	5.015119E+02
0.129	4.856092E+02
0.13	4.702301E+02
0.131	4.553615E+02
0.132	4.409863E+02
0.133	4.270924E+02
0.134	4.136629E+02
0.135	4.006861E+02
0.136	3.881457E+02
0.137	3.760290E+02
0.138	3.643216E+02
0.139	3.530110E+02
0.14	3.420836E+02
0.141	3.315272E+02
0.142	3.213290E+02
0.143	3.114773E+02
0.144	3.019598E+02
0.145	2.927668E+02
0.146	2.838855E+02
0.147	2.753069E+02
0.148	2.670189E+02
0.149	2.590121E+02
0.15	2.512761E+02
0.151	2.438019E+02
0.152	2.365798E+02
0.153	2.296019E+02
0.154	2.228586E+02
0.155	2.163427E+02
0.156	2.100448E+02
0.157	2.039583E+02
0.158	1.980744E+02
0.159	1.923868E+02
0.16	1.868880E+02
0.161	1.815715E+02
0.162	1.764308E+02
0.163	1.714593E+02
0.164	1.666507E+02
0.165	1.619994E+02
0.166	1.574994E+02
0.167	1.531464E+02
0.168	1.489343E+02
0.169	1.448588E+02
0.17	1.409141E+02
0.171	1.370958E+02
0.172	1.333996E+02
0.173	1.298211E+02
0.174	1.263561E+02
0.175	1.230005E+02
0.176	1.197499E+02
0.177	1.166011E+02
0.178	1.135504E+02
0.179	1.105950E+02
0.18	1.077308E+02
0.181	1.049549E+02
0.182	1.022642E+02
0.183	9.965590E+01
0.184	9.712706E+01
0.185	9.467476E+01
0.186	9.229617E+01
0.187	8.998890E+01
0.188	8.775038E+01
0.189	8.557858E+01
0.19	8.347080E+01
0.191	8.142532E+01
0.192	7.943992E+01
0.193	7.751287E+01
0.194	7.564181E+01
0.195	7.382480E+01
0.196	7.206018E+01
0.197	7.034602E+01
0.198	6.868068E+01
0.199	6.706257E+01
0.2	6.549009E+01
0.201	6.396202E+01
0.202	6.247669E+01
0.203	6.103293E+01
0.204	5.962922E+01
0.205	5.826443E+01
0.206	5.693713E+01
0.207	5.564609E+01
0.208	5.439011E+01
0.209	5.316793E+01
0.21	5.197869E+01
0.211	5.082142E+01
0.212	4.969504E+01
0.213	4.859878E+01
0.214	4.753155E+01
0.215	4.649259E+01
0.216	4.548097E+01
0.217	4.449582E+01
0.218	4.353629E+01
0.219	4.260159E+01
0.22	4.169089E+01
0.221	4.080340E+01
0.222	3.993851E+01
0.223	3.909547E+01
0.224	3.827382E+01
0.225	3.747299E+01
0.226	3.669220E+01
0.227	3.593094E+01
0.228	3.518852E+01
0.229	3.446448E+01
0.23	3.375828E+01
0.231	3.306932E+01
0.232	3.239714E+01
0.233	3.174118E+01
0.234	3.110108E+01
0.235	3.047643E+01
0.236	2.986670E+01
0.237	2.927151E+01
0.238	2.869045E+01
0.239	2.812313E+01
0.24	2.756920E+01
0.241	2.702822E+01
0.242	2.649986E+01
0.243	2.598373E+01
0.244	2.547960E+01
0.245	2.498709E+01
0.246	2.450586E+01
0.247	2.403556E+01
0.248	2.357595E+01
0.249	2.312680E+01
0.25	2.268778E+01
0.251	2.225860E+01
0.252	2.183896E+01
0.253	2.142878E+01
0.254	2.102747E+01
0.255	2.063509E+01
0.256	2.025139E+01
0.257	1.987601E+01
0.258	1.950893E+01
0.259	1.914983E+01
0.26	1.879849E+01
0.261	1.845476E+01
0.262	1.811833E+01
0.263	1.778915E+01
0.264	1.746694E+01
0.265	1.715153E+01
0.266	1.684274E+01
0.267	1.654048E+01
0.268	1.624457E+01
0.269	1.595483E+01
0.27	1.567109E+01
0.271	1.539324E+01
0.272	1.512107E+01
0.273	1.485450E+01
0.274	1.459345E+01
0.275	1.433770E+01
0.276	1.408710E+01
0.277	1.384163E+01
0.278	1.360108E+01
0.279	1.336536E+01
0.28	1.313434E+01
0.281	1.290793E+01
0.282	1.268605E+01
0.283	1.246854E+01
0.284	1.225534E+01
0.285	1.204636E+01
0.286	1.184134E+01
0.287	1.164042E+01
0.288	1.144336E+01
0.289	1.125012E+01
0.29	1.106057E+01
0.291	1.087470E+01
0.292	1.069240E+01
0.293	1.051357E+01
0.294	1.033813E+01
0.295	1.016604E+01
0.296	9.997192E+00
0.297	9.831549E+00
0.298	9.669001E+00
0.299	9.509479E+00
0.3	9.352986E+00
0.301	9.199382E+00
0.302	9.048603E+00
0.303	8.900659E+00
0.304	8.755447E+00
0.305	8.612862E+00
0.306	8.472908E+00
0.307	8.335475E+00
0.308	8.200573E+00
0.309	8.068093E+00
0.31	7.938023E+00
0.311	7.810290E+00
0.312	7.684873E+00
0.313	7.561674E+00
0.314	7.440653E+00
0.315	7.321802E+00
0.316	7.205106E+00
0.317	7.090391E+00
0.318	6.977730E+00
0.319	6.867026E+00
0.32	6.758241E+00
0.321	6.651386E+00
0.322	6.546353E+00
0.323	6.443161E+00
0.324	6.341721E+00
0.325	6.242009E+00
0.326	6.144049E+00
0.327	6.047735E+00
0.328	5.953052E+00
0.329	5.859990E+00
0.33	5.768542E+00
0.331	5.678575E+00
0.332	5.590200E+00
0.333	5.503263E+00
0.334	5.417814E+00
0.335	5.333756E+00
0.336	5.251128E+00
0.337	5.169851E+00
0.338	5.089898E+00
0.339	5.011266E+00
0.34	4.933962E+00
0.341	4.857880E+00
0.342	4.783052E+00
0.343	4.709451E+00
0.344	4.637061E+00
0.345	4.565814E+00
0.346	4.495757E+00
0.347	4.426784E+00
0.348	4.358941E+00
0.349	4.292145E+00
0.35	4.226461E+00
0.351	4.161763E+00
0.352	4.098121E+00
0.353	4.035492E+00
0.354	3.973822E+00
0.355	3.913127E+00
0.356	3.853398E+00
0.357	3.794553E+00
0.358	3.736644E+00
0.359	3.679617E+00
0.36	3.623476E+00
0.361	3.568186E+00
0.362	3.513760E+00
0.363	3.460155E+00
0.364	3.407373E+00
0.365	3.355396E+00
0.366	3.304239E+00
0.367	3.253831E+00
0.368	3.204270E+00
0.369	3.155421E+00
0.37	3.107348E+00
0.371	3.060003E+00
0.372	3.013386E+00
0.373	2.967417E+00
0.374	2.922153E+00
0.375	2.877489E+00
0.376	2.833426E+00
0.377	2.789991E+00
0.378	2.747133E+00
0.379	2.704918E+00
0.38	2.663363E+00
0.381	2.622423E+00
0.382	2.582116E+00
0.383	2.542392E+00
0.384	2.503191E+00
0.385	2.464522E+00
0.386	2.426374E+00
0.387	2.388733E+00
0.388	2.351658E+00
0.389	2.315120E+00
0.39	2.279135E+00
0.391	2.243620E+00
0.392	2.208581E+00
0.393	2.173980E+00
0.394	2.139852E+00
0.395	2.106205E+00
0.396	2.073064E+00
0.397	2.040372E+00
0.398	2.008097E+00
0.399	1.976232E+00
0.4	1.944775E+00
0.401	1.913723E+00
0.402	1.883109E+00
0.403	1.852903E+00
0.404	1.823057E+00
0.405	1.793603E+00
0.406	1.764525E+00
0.407	1.735819E+00
0.408	1.707527E+00
0.409	1.679572E+00
0.41	1.651958E+00
0.411	1.624674E+00
0.412	1.597744E+00
0.413	1.571132E+00
0.414	1.544874E+00
0.415	1.518902E+00
0.416	1.493248E+00
0.417	1.467898E+00
0.418	1.442877E+00
0.419	1.418150E+00
0.42	1.393704E+00
0.421	1.369550E+00
0.422	1.345712E+00
0.423	1.322137E+00
0.424	1.298853E+00
0.425	1.275820E+00
0.426	1.253064E+00
0.427	1.230542E+00
0.428	1.208278E+00
0.429	1.186219E+00
0.43	1.164382E+00
0.431	1.142770E+00
0.432	1.121399E+00
0.433	1.100247E+00
0.434	1.079342E+00
0.435	1.058651E+00
0.436	1.038213E+00
0.437	1.017961E+00
0.438	9.979062E-01
0.439	9.780440E-01
0.44	9.583684E-01
0.441	9.388792E-01
0.442	9.195932E-01
0.443	9.004992E-01
0.444	8.816235E-01
0.445	8.629043E-01
0.446	8.443258E-01
0.447	8.259123E-01
0.448	8.076244E-01
0.449	7.895076E-01
0.45	7.715451E-01
0.451	7.537487E-01
0.452	7.361222E-01
0.453	7.186293E-01
0.454	7.012917E-01
0.455	6.840862E-01
0.456	6.670261E-01
0.457	6.500765E-01
0.458	6.332384E-01
0.459	6.165172E-01
0.46	5.999328E-01
0.461	5.834628E-01
0.462	5.671489E-01
0.463	5.509306E-01
0.464	5.347972E-01
0.465	5.187645E-01
0.466	5.028313E-01
0.467	4.869963E-01
0.468	4.712768E-01
0.469	4.556465E-01
0.47	4.401036E-01
0.471	4.246349E-01
0.472	4.092485E-01
0.473	3.939377E-01
0.474	3.787164E-01
0.475	3.635566E-01
0.476	3.484854E-01
0.477	3.334737E-01
0.478	3.185185E-01
0.479	3.036171E-01
0.48	2.887953E-01
0.481	2.740097E-01
0.482	2.592935E-01
0.483	2.446167E-01
0.484	2.299839E-01
0.485	2.153894E-01
0.486	2.008540E-01
0.487	1.863475E-01
0.488	1.718847E-01
0.489	1.574475E-01
0.49	1.430469E-01
0.491	1.286695E-01
0.492	1.143077E-01
0.493	9.997662E-02
0.494	8.565600E-02
0.495	7.135228E-02
0.496	5.705299E-02
0.497	4.277517E-02
0.498	2.851199E-02
0.499	1.425228E-02
0.5	2.004967E-13
